Dataset	ParentIonIndex	MZ	SurveyScanNumber	FragScanNumber	OptimalPeakApexScanNumber	PeakApexOverrideParentIonIndex	CustomSICPeak	PeakScanStart	PeakScanEnd	PeakScanMaxIntensity	PeakMaxIntensity	PeakSignalToNoiseRatio	FWHMInScans	PeakArea	ParentIonIntensity	PeakBaselineNoiseLevel	PeakBaselineNoiseStDev	PeakBaselinePointsUsed	StatMomentsArea	CenterOfMassScan	PeakStDev	PeakSkew	PeakKSStat	StatMomentsDataCountUsed	InterferenceScore
0	0	600.3734	21000	21001	21012	-1	0	21000	21124	21012	2.1074E+07	3.735	42	1.3394E+09	2.116E+07	5.6428E+06	7.81E+06	50	7.6575E+08	21029	18.8	0.393	0.3898	17	0
0	1	595.9902	21000	21002	21020	-1	0	21000	21121	21020	5.304E+06	3.839	71	3.8684E+08	4.0258E+06	1.3814E+06	1.49E+06	76	2.1323E+08	21043	26.2	0.3033	0.484	21	0
0	2	685.6582	21000	21003	21012	-1	0	21000	21044	21012	4.019E+06	3.708	26	1.4623E+08	5.1483E+06	1.084E+06	1.15E+06	76	7.101E+07	21017	11.7	0.4862	0.33	12	0
0	3	875.9375	21000	21004	21012	-1	0	21000	21027	21012	3.7002E+06	2.602	9	1.0339E+08	2.9965E+06	1.422E+06	1.44E+06	76	4.8537E+07	21016	8.23	-0.2451	0.3651	9	0
0	4	738.8845	21000	21005	21000	-1	0	21000	21000	21000	2.4429E+06	4.561	0	2.565E+06	1.1813E+06	535637	382708	50	1.3521E+07	21006	3.6	-0.4646	0.433	3	0
0	5	711.0076	21006	21007	21000	-1	0	21000	21006	21000	3.188E+07	8.918	6	3.8223E+08	3.1661E+07	3.5749E+06	7.5E+06	75	3.3756E+08	21006	3.6	-0.5206	0.433	3	0
0	6	567.9954	21006	21008	21011	-1	0	21000	21181	21011	2.8561E+07	5.426	19	1.3029E+09	3.0659E+07	5.2639E+06	9.18E+06	50	6.6782E+08	21016	12.5	0.6929	0.4004	13	0
0	7	702.8176	21006	21009	21285	167	0	21000	21033	21012	3.1947E+06	1.307	24	1.1249E+08	3.7952E+06	2.4434E+06	1.63E+06	76	1.1944E+07	21015	5.92	-0.05992	0.3849	7	0
0	8	878.9736	21006	21010	21044	-1	0	21000	21133	21044	3.5455E+06	3.881	61	1.8137E+08	1.4833E+06	913440	847319	50	6.3318E+07	21047	16.6	0.157	0.2893	17	0
0	9	1066.5084	21012	21013	21011	-1	0	21000	21081	21011	1.1914E+07	5.339	19	4.5584E+08	1.0625E+07	2.2315E+06	3.63E+06	50	2.5441E+08	21014	10.3	0.4917	0.2764	11	0
0	10	511.9271	21012	21014	21047	-1	0	21000	21241	21047	1.487E+08	4.432	72	1.3846E+10	9.2395E+07	3.3555E+07	4.99E+07	76	8.1536E+09	21053	26.6	0.2872	0.322	23	0
0	11	427.2944	21012	21015	21047	-1	0	21000	21237	21047	1.9229E+07	4.626	64	1.6625E+09	1.1181E+07	4.1566E+06	5.52E+06	76	9.2453E+08	21058	26.7	-0.03854	0.2476	22	0
0	12	621.3215	21012	21016	21012	-1	0	21000	21037	21012	3.3867E+06	5.986	5	4.3451E+07	2.4658E+06	565787	200733	75	2.1294E+07	21014	7.48	-0.1041	0.3797	9	0
0	13	754.8547	21012	21017	21012	-1	0	21000	21079	21012	2.8108E+06	4.501	30	8.0052E+07	2.0145E+06	624444	483160	50	2.8385E+07	21019	12	0.5771	0.4226	13	0
0	14	691.6608	21012	21018	21037	-1	0	21000	21079	21037	3.4812E+06	4.584	36	1.0835E+08	1.8781E+06	759396	622267	76	4.7785E+07	21030	13.6	-0.03837	0.2789	14	0
0	15	558.8311	21012	21019	21133	-1	0	21000	21321	21133	6.3495E+07	4.939	76	6.2431E+09	7.8727E+06	1.2857E+07	1.93E+07	76	3.6599E+09	21134	25.8	0.06025	0.2234	19	0
0	16	516.7836	21020	21021	21026	-1	0	21000	21068	21026	4.2023E+06	3.327	41	2.3687E+08	5.652E+06	1.2632E+06	1.38E+06	76	1.2704E+08	21029	16.2	0.3061	0.2291	17	0
0	17	471.7618	21020	21022	21012	-1	0	21000	21037	21012	2.2022E+06	3.139	6	3.8223E+07	1.03E+06	701489	403395	76	9.8249E+06	21015	6.07	-0.13	0.3746	7	0
0	18	533.322	21020	21023	21232	67	0	21000	21293	21093	3.6577E+07	6.017	48	2.8069E+09	4.4407E+06	6.0788E+06	8.95E+06	76	1.6066E+09	21105	25.2	0.2581	0.2676	19	0
0	19	438.7245	21020	21024	21044	-1	0	21000	21237	21044	3.3413E+06	2.929	108	3.7599E+08	3.5136E+06	1.1406E+06	1.2E+06	76	1.5291E+08	21053	26.4	0.3702	0.3494	23	0
0	20	629.3593	21020	21025	21027	-1	0	21000	21051	21027	2.7983E+06	2.112	26	9.4893E+07	3.0441E+06	1.3248E+06	1.11E+06	76	3.0076E+07	21026	7.39	0.02312	0.3464	8	0
0	21	744.9311	21027	21028	21114	-1	0	21000	21321	21114	1.2883E+07	2.924	132	2.0282E+09	3.9678E+06	4.4053E+06	4.51E+06	76	9.3909E+08	21123	40	-0.04815	0.2542	29	0
0	22	444.2787	21027	21029	21079	-1	0	21000	21202	21079	6.4625E+06	3.374	124	7.1893E+08	2.8894E+06	1.9152E+06	2.0E+06	76	3.751E+08	21081	33.2	0.008078	0.2034	28	0
0	23	599.3848	21027	21030	21090	-1	0	21000	21121	21090	4.7082E+07	2.478	63	4.046E+09	2.2253E+07	1.8997E+07	1.82E+07	76	1.9261E+09	21083	23.8	-0.2209	0.2706	18	0
0	24	713.3953	21027	21031	21051	-1	0	21000	21068	21051	4.2101E+06	2.519	27	1.6216E+08	3.0093E+06	1.6712E+06	1.4E+06	50	7.4591E+07	21051	11.4	-0.1377	0.3261	11	0
0	25	879.4756	21027	21032	21044	8	0	21000	21047	21026	1.5264E+06	2.329	24	5.0667E+07	1.639E+06	655475	491477	50	1.9183E+07	21023	7.84	0.2193	0.3021	9	0
0	26	611.8317	21033	21034	21027	-1	0	21000	21093	21027	2.116E+06	3.356	30	8.0667E+07	2.3871E+06	630460	499888	50	3.0168E+07	21031	11.4	0.3251	0.2575	13	0
0	27	667.8625	21033	21035	21093	61	0	21033	21141	21063	1.2653E+06	1.978	53	9.1808E+07	651732	639680	529556	50	2.874E+07	21069	17.9	0.2103	0.2828	16	0
0	28	739.36	21033	21036	21196	-1	0	21027	21419	21196	1.7626E+08	3.766	100	2.443E+10	2.9313E+06	4.6809E+07	5.08E+07	41	1.3327E+10	21204	36.4	0.1563	0.2561	26	0
0	29	414.5145	21037	21038	21012	-1	0	21000	21178	21012	6.1583E+08	6.428	31	3.6824E+10	4.1967E+08	9.58E+07	1.82E+08	76	2.2649E+10	21026	19.1	0.6214	0.5478	17	0
0	30	524.062	21037	21039	21012	-1	0	21000	21181	21012	2.5663E+07	5.378	37	1.7748E+09	1.9448E+07	4.7717E+06	7.69E+06	76	1.0106E+09	21030	21.9	0.6483	0.5871	19	0
0	31	467.2554	21037	21040	21158	-1	0	21012	21365	21158	1.4578E+07	3.479	108	2.0009E+09	2.5212E+06	4.19E+06	4.4E+06	76	9.2449E+08	21163	41.4	-0.1751	0.2047	30	0
0	32	791.3619	21037	21041	21037	-1	0	21000	21054	21037	3.4098E+06	6.445	6	4.8385E+07	2.1532E+06	529068	295303	49	1.63E+07	21037	10.4	-0.1724	0.2853	12	0
0	33	577.9749	21037	21042	21158	193	0	21000	21351	21133	1.1579E+07	3.603	82	1.4745E+09	3.8015E+06	3.2139E+06	3.57E+06	76	6.9083E+08	21138	34.2	0.2672	0.2666	26	0
0	34	731.9216	21037	21043	21037	-1	0	21000	21063	21037	2.0795E+06	4.376	6	4.2762E+07	935316	475190	97179	49	9.1562E+06	21036	8.41	-0.3936	0.3515	10	0
0	35	552.3514	21044	21045	21011	-1	0	21000	21178	21011	1.331E+08	6.341	45	8.0278E+09	7.7301E+07	2.099E+07	3.98E+07	76	4.9568E+09	21026	19.1	0.5507	0.5218	17	0
0	36	642.1312	21044	21046	21011	-1	0	21000	21081	21011	3.3385E+07	6.522	35	1.6234E+09	1.2365E+07	5.119E+06	9.46E+06	76	1.0606E+09	21022	15.8	0.5127	0.464	15	0
0	37	434.9329	21047	21048	21168	-1	0	21020	21419	21168	2.1404E+08	3.168	124	3.3488E+10	1.2325E+08	6.7568E+07	7.38E+07	76	1.6073E+10	21181	43.1	0.02875	0.2203	31	0
0	38	700.3776	21047	21049	21168	201	0	21020	21385	21178	2.3361E+07	3.255	117	3.486E+09	4.7376E+06	7.1778E+06	7.82E+06	76	1.6771E+09	21173	41.3	-0.05339	0.1831	30	0
0	39	594.9578	21047	21050	21063	-1	0	21000	21158	21063	4.9306E+06	2.941	106	4.2215E+08	3.832E+06	1.6768E+06	1.51E+06	50	1.7941E+08	21065	26.1	0.1068	0.2039	22	0
0	40	675.6675	21051	21052	21012	-1	0	21000	21285	21012	1.1883E+08	3.547	42	1.3423E+10	8.8131E+07	3.3504E+07	3.44E+07	76	4.7359E+09	21036	25.7	0.744	0.6018	22	0
0	41	406.8284	21051	21053	21051	-1	0	21037	21241	21051	1.7076E+07	3.182	65	1.5442E+09	1.6368E+07	5.3658E+06	6.2E+06	76	6.6252E+08	21076	29.2	0.6038	0.7141	21	0
0	42	432.2505	21054	21055	21093	-1	0	21000	21307	21093	1.8788E+07	2.82	144	2.9741E+09	1.4943E+07	6.6619E+06	6.97E+06	76	1.4409E+09	21100	42.2	-0.07334	0.4269	31	0
0	43	667.3632	21054	21056	21093	61	0	21027	21081	21054	2.262E+06	2.898	24	7.7344E+07	2.118E+06	780420	552356	76	3.6765E+07	21061	12	0.05264	0.3026	11	0
0	44	516.9211	21054	21057	21079	-1	0	21000	21196	21079	7.0314E+06	4.522	68	5.4716E+08	6.023E+06	1.555E+06	1.87E+06	76	3.0179E+08	21067	22.9	-0.1066	0.2547	19	0
0	45	496.9584	21054	21058	21124	-1	0	21000	21329	21124	1.4764E+07	4.036	109	1.6814E+09	6.9921E+06	3.6581E+06	4.0E+06	76	8.3541E+08	21121	38	-0.06038	0.3426	26	0
0	46	724.4288	21054	21059	21168	-1	0	21027	21202	21168	2.7936E+07	3.943	60	2.0902E+09	2.8303E+06	7.084E+06	8.66E+06	76	1.08E+09	21161	22.2	-0.2501	0.2383	17	0
0	47	823.4127	21054	21060	21047	-1	0	21000	21079	21047	3.3469E+06	4.132	26	1.0602E+08	2.3316E+06	809960	653081	76	4.9672E+07	21053	13.8	0.3168	0.3554	12	0
0	48	913.043	21054	21061	21090	-1	0	21000	21114	21090	2.709E+06	2.842	60	1.7735E+08	1.1879E+06	953210	829194	76	7.6881E+07	21086	16.1	-0.1451	0.2817	13	0
0	49	914.0429	21054	21062	21090	48	0	21027	21181	21054	1.301E+06	1.988	84	1.2674E+08	1.7732E+06	654573	443754	50	3.2574E+07	21074	20.1	0.3053	0.4698	15	0
0	50	459.3023	21063	21064	21012	-1	0	21000	21178	21012	5.1523E+08	5.725	35	3.5203E+10	2.1276E+08	9.0E+07	1.57E+08	76	2.086E+10	21030	21.9	0.6116	0.5642	19	0
0	51	1070.985	21063	21065	21051	-1	0	21027	21155	21051	2.0475E+06	3.777	37	7.6955E+07	443338	542165	332083	50	1.4384E+07	21065	15.5	0.3197	0.4006	13	0
0	52	494.821	21063	21066	21158	-1	0	21051	21202	21158	3.806E+08	4.077	92	3.5502E+10	1.4488E+07	9.3356E+07	1.25E+08	26	2.2832E+10	21148	29.5	-0.1855	0.229	20	0
0	53	517.8041	21063	21067	21026	16	0	21033	21090	21054	3.1562E+06	2.256	40	1.3807E+08	3.3862E+06	1.3989E+06	1.28E+06	76	6.2669E+07	21066	12.7	0.2264	0.305	11	0
0	54	530.6721	21068	21069	21012	-1	0	21000	21181	21012	2.2016E+08	5.035	45	1.7066E+10	9.933E+07	4.3725E+07	7.43E+07	76	1.0229E+10	21033	21.4	0.4198	0.4157	19	0
0	55	538.8062	21068	21070	21047	-1	0	21000	21241	21047	6.2695E+07	3.092	68	7.1534E+09	5.3736E+07	2.0278E+07	2.18E+07	76	3.4481E+09	21051	28.4	0.1604	0.3306	24	0
0	56	457.9745	21068	21071	21093	-1	0	21000	21351	21093	2.4804E+08	2.897	116	4.0946E+10	2.2394E+08	8.5623E+07	9.14E+07	76	1.9212E+10	21118	39.4	0.1007	0.357	29	0
0	57	588.3737	21068	21072	21158	-1	0	21000	21358	21158	1.6063E+08	3.134	122	2.5374E+10	4.8522E+07	5.1246E+07	5.56E+07	76	1.2193E+10	21160	43.7	0.08012	0.1846	32	0
0	58	828.5225	21068	21073	21081	-1	0	21068	21081	21081	721597	0.481	2	7.5018E+06	424933	1.5001E+06	2.17E+06	50	5.8413E+06	21085	3.67	-0.422	0.433	3	0
0	59	1033.9691	21068	21074	21079	-1	0	21033	21090	21079	4.9458E+06	3.619	15	1.3685E+08	4.9043E+06	1.3665E+06	1.51E+06	76	5.4253E+07	21073	11	-0.1079	0.3504	9	0
0	60	562.6463	21068	21075	21111	-1	0	21027	21210	21111	4.4175E+06	4.421	53	3.1619E+08	2.7831E+06	999184	875913	76	1.4704E+08	21103	29.8	0.2796	0.24	22	0
0	61	667.8973	21068	21076	21093	-1	0	21000	21224	21093	5.5413E+06	4.909	65	4.1477E+08	2.961E+06	1.1288E+06	1.2E+06	76	2.0482E+08	21106	26.6	0.533	0.5169	19	0
0	62	616.3961	21068	21077	21155	-1	0	21027	21358	21155	1.1415E+07	4.417	88	1.1994E+09	3.6118E+06	2.5842E+06	2.75E+06	76	5.5284E+08	21162	37	0.2394	0.2512	27	0
0	63	728.6781	21068	21078	21081	-1	0	21037	21196	21081	2.3667E+06	3.725	34	1.2857E+08	837394	635427	495979	50	3.7556E+07	21083	15.1	0.04623	0.2868	12	0
0	64	770.6271	21079	21080	21079	-1	0	21044	21111	21079	4.3258E+06	6.049	13	1.2563E+08	4.3258E+06	715139	499561	75	6.7082E+07	21079	15.2	0.1393	0.2575	13	0
0	65	686.4573	21081	21082	21090	-1	0	21000	21121	21090	9.4234E+06	3.202	73	6.5806E+08	8.7298E+06	2.9425E+06	3.14E+06	76	3.5903E+08	21084	23.9	-0.3564	0.2749	18	0
0	66	651.895	21081	21083	21158	-1	0	21000	21196	21158	1.1761E+07	3.49	62	1.0152E+09	2.3192E+06	3.37E+06	3.81E+06	76	4.6833E+08	21155	20.6	-0.1391	0.2353	16	0
0	67	533.9692	21081	21084	21232	-1	0	21027	21419	21232	5.1587E+08	4.65	89	5.7825E+10	2.3524E+07	1.1094E+08	1.22E+08	41	3.248E+10	21223	35.7	-0.243	0.235	25	0
0	68	796.1516	21081	21085	21090	-1	0	21000	21124	21090	1.882E+06	2.503	68	1.3678E+08	2.4165E+06	752045	594310	76	5.032E+07	21087	18.1	-0.4684	0.2574	16	0
0	69	710.3647	21081	21086	21260	233	0	21044	21492	21278	2.017E+07	10.09	132	3.3069E+09	2.1646E+06	1.9986E+06	1.68E+06	28	2.5454E+09	21262	53.4	-0.016	0.1543	40	0
0	70	448.2456	21081	21087	21124	-1	0	21033	21232	21124	3.3292E+06	3.43	76	3.0276E+08	1.7122E+06	970605	803322	76	1.2564E+08	21124	24	0.0887	0.2233	18	0
0	71	703.0522	21081	21088	21358	272	0	21054	21121	21090	2.3261E+06	2.111	28	9.1424E+07	2.4985E+06	1.1016E+06	955455	50	2.3258E+07	21085	11.1	-0.1748	0.3407	9	0
0	72	634.3513	21081	21089	21241	237	0	21063	21210	21124	3.6611E+06	2.016	117	3.719E+08	2.1385E+06	1.8161E+06	1.27E+06	76	1.1442E+08	21129	27	0.002078	0.213	20	0
0	73	476.8152	21090	21091	21093	-1	0	21000	21299	21093	8.6987E+07	4.452	64	8.8491E+09	7.6982E+07	1.9537E+07	2.6E+07	76	4.9356E+09	21090	31.2	-0.2789	0.2028	27	0
0	74	747.3703	21090	21092	21224	123	0	21037	21255	21226	6.1282E+06	4.393	117	7.1406E+08	864583	1.395E+06	1.17E+06	28	4.3631E+08	21198	35.9	-0.3951	0.3128	24	0
0	75	483.9576	21093	21094	21168	128	0	21026	21419	21158	1.0261E+08	3.326	119	1.5321E+10	2.9387E+07	3.0853E+07	3.66E+07	76	7.7283E+09	21182	38.5	0.01752	0.2248	28	0
0	76	550.2917	21093	21095	21114	-1	0	21000	21321	21114	3.2341E+07	4.53	89	3.4086E+09	1.9138E+06	7.139E+06	9.61E+06	76	1.903E+09	21127	31.3	0.0785	0.2534	22	0
0	77	497.2928	21093	21096	21133	132	0	21000	21344	21141	1.1523E+07	3.769	91	1.4058E+09	8.0301E+06	3.0576E+06	3.31E+06	76	6.4844E+08	21127	34.2	-0.2945	0.2153	25	0
0	78	681.3493	21093	21097	21155	-1	0	21033	21213	21155	1.4098E+07	3.913	59	1.0041E+09	7.3053E+06	3.6029E+06	5.78E+06	76	4.9104E+08	21138	25.7	-0.2953	0.2816	18	0
0	79	479.5919	21093	21098	21114	-1	0	21044	21141	21114	2.9825E+06	2.249	75	2.5253E+08	2.704E+06	1.3263E+06	1.05E+06	76	1.2142E+08	21100	26.9	-0.2672	0.3078	19	0
0	80	656.713	21093	21099	21155	-1	0	21033	21249	21155	3.8539E+06	3.373	131	4.2925E+08	2.9747E+06	1.1426E+06	1.08E+06	76	1.9497E+08	21142	32	-0.3455	0.2518	23	0
0	81	898.431	21093	21100	21210	-1	0	21081	21255	21210	4.5895E+06	2.647	70	4.7976E+08	1.4897E+06	1.734E+06	1.29E+06	41	1.9268E+08	21206	25.5	-0.1581	0.2132	20	0
0	82	1377.9512	21093	21101	21103	-1	0	21063	21133	21103	2.5451E+06	4.818	16	6.7004E+07	2.4354E+06	528286	266172	49	2.7573E+07	21100	9.96	0.007733	0.3401	9	0
0	83	664.6034	21093	21102	21168	-1	0	21079	21224	21168	3.7073E+06	3.451	87	3.0723E+08	743838	1.0742E+06	1.11E+06	76	1.6148E+08	21159	25.1	-0.5201	0.3213	18	0
0	84	490.0309	21103	21104	21012	-1	0	21000	21181	21012	5.7487E+07	5.352	42	4.1045E+09	8.4894E+06	1.0741E+07	1.81E+07	76	2.476E+09	21032	22.6	0.5805	0.5272	20	0
0	85	735.781	21103	21105	21090	-1	0	21079	21124	21090	872214	1.107	23	3.4445E+07	456066	788040	639628	76	1.5732E+06	21087	6.27	0.186	0.3789	6	0
0	86	568.1265	21103	21106	21158	-1	0	21033	21278	21158	8.4483E+06	3.942	127	9.2615E+08	3.1252E+06	2.1433E+06	2.57E+06	76	5.1233E+08	21166	33.5	0.2279	0.2556	24	0
0	87	794.4175	21103	21107	21103	-1	0	21068	21133	21103	1.5588E+06	2.028	38	8.2028E+07	1.9056E+06	768585	552628	76	3.0853E+07	21087	12.8	0.1591	0.3289	9	0
0	88	897.9285	21103	21108	21210	81	0	21068	21141	21114	3.3744E+06	2.442	21	1.3182E+08	2.9122E+06	1.3821E+06	1.14E+06	30	4.4234E+07	21114	11.7	0.3465	0.2875	10	0
0	89	770.3768	21103	21109	21111	-1	0	21068	21155	21111	2.1257E+06	2.602	57	1.1889E+08	1.6208E+06	816887	685316	76	5.1102E+07	21104	15.3	-0.3535	0.312	13	0
0	90	659.6774	21103	21110	21144	-1	0	21044	21190	21144	2.7538E+06	2.417	85	2.0332E+08	949208	1.1395E+06	982962	76	5.5376E+07	21154	19.7	0.1872	0.279	13	0
0	91	513.8083	21111	21112	21012	-1	0	21000	21178	21012	7.812E+07	5.868	41	4.988E+09	7.2883E+06	1.3312E+07	2.44E+07	76	3.1087E+09	21028	19.4	0.4282	0.4667	17	0
0	92	624.3325	21111	21113	21012	-1	0	21000	21181	21012	9.0593E+07	5.83	41	5.8357E+09	6.9459E+06	1.5539E+07	2.85E+07	76	3.8325E+09	21030	19.4	0.3907	0.4194	18	0
0	93	461.3029	21114	21115	21144	-1	0	21000	21181	21144	1.7699E+07	3.782	41	1.2094E+09	7.2646E+06	4.68E+06	4.59E+06	76	5.4853E+08	21141	25	-0.6639	0.2546	19	0
0	94	572.6524	21114	21116	21213	-1	0	21033	21307	21213	7.0608E+06	3.622	112	8.3258E+08	844866	1.9494E+06	2.09E+06	42	4.2495E+08	21194	29	-0.07947	0.2298	22	0
0	95	602.3089	21114	21117	21155	-1	0	21054	21364	21155	2.4901E+07	3.908	59	2.5658E+09	1.4441E+07	6.3711E+06	6.84E+06	76	1.2445E+09	21152	28.1	-0.08386	0.2039	22	0
0	96	427.2821	21114	21118	21241	267	0	21081	21442	21232	2.7363E+07	3.763	111	3.408E+09	3.195E+06	7.2722E+06	7.19E+06	43	1.7346E+09	21233	35.2	-0.04634	0.2169	25	0
0	97	687.6121	21114	21119	21144	-1	0	21027	21249	21144	7.2288E+06	4.34	88	6.8284E+08	5.8123E+06	1.6657E+06	2.16E+06	76	3.9981E+08	21133	27.1	-0.04971	0.2348	19	0
0	98	970.7947	21114	21120	21196	-1	0	21079	21318	21196	5.9009E+06	3.676	141	7.3808E+08	2.9256E+06	1.6054E+06	1.47E+06	39	3.8812E+08	21195	38.2	0.1396	0.2424	27	0
0	99	590.858	21121	21122	21047	-1	0	21000	21226	21047	9.3609E+07	4.399	55	8.5055E+09	2.2038E+07	2.1281E+07	3.17E+07	76	5.0839E+09	21047	26.1	0.2566	0.3407	23	0
0	100	690.0683	21121	21123	21093	-1	0	21063	21124	21093	6.1034E+06	2.217	35	3.2152E+08	3.417E+06	2.7529E+06	2.3E+06	76	1.387E+08	21096	15.5	-0.1554	0.2698	13	0
0	101	419.2422	21124	21125	21285	-1	0	21093	21492	21285	1.0371E+08	3.015	91	1.2726E+10	3.0704E+06	3.44E+07	3.31E+07	50	5.5427E+09	21276	28.9	-0.1786	0.2549	20	0
0	102	403.6304	21124	21126	21012	-1	0	21000	21210	21012	4.4441E+08	3.98	56	4.4183E+10	1.3554E+08	1.1166E+08	1.47E+08	76	2.2778E+10	21043	29.1	0.5515	0.5801	24	0
0	103	637.3241	21124	21127	21121	-1	0	21090	21318	21121	2.2539E+07	2.409	105	2.4852E+09	2.1803E+07	9.3577E+06	8.13E+06	76	9.4587E+08	21134	27.9	0.354	0.4425	19	0
0	104	541.6887	21124	21128	21144	-1	0	21111	21237	21144	4.7781E+06	4.583	75	3.0693E+08	4.136E+06	1.0426E+06	1.15E+06	76	1.7394E+08	21162	24.9	0.2225	0.3027	18	0
0	105	728.0999	21124	21129	21213	-1	0	21063	21269	21213	1.1903E+07	4.794	85	1.0442E+09	4.0939E+06	2.483E+06	2.66E+06	41	6.0117E+08	21189	29	-0.1264	0.2503	21	0
0	106	858.4763	21124	21130	21178	-1	0	21079	21321	21178	7.276E+06	4.142	100	7.7197E+08	2.8539E+06	1.7567E+06	1.65E+06	41	4.1053E+08	21197	36.6	0.1011	0.2968	25	0
0	107	664.8546	21124	21131	21144	-1	0	21111	21232	21144	3.4404E+06	3.987	52	2.0723E+08	2.1318E+06	862890	781509	76	1.0236E+08	21150	19.4	0.7536	0.3674	15	0
0	108	454.2725	21124	21132	21168	-1	0	21090	21213	21168	5.4134E+06	4.174	40	3.6361E+08	2.0881E+06	1.2968E+06	1.08E+06	33	2.0234E+08	21173	21.9	-0.05879	0.2488	16	0
0	109	672.046	21133	21134	21033	-1	0	21000	21224	21033	7.6211E+07	3.97	60	7.731E+09	2.2587E+07	1.9198E+07	2.67E+07	76	3.9574E+09	21041	26.7	0.5175	0.4567	22	0
0	110	985.1482	21133	21135	21168	143	0	21093	21210	21178	6.7694E+06	4.136	63	4.4741E+08	4.3453E+06	1.6367E+06	1.71E+06	39	2.7828E+08	21171	19.7	-0.01308	0.2494	14	0
0	111	681.723	21133	21136	21226	-1	0	21090	21419	21226	8.5146E+08	4.547	101	9.9048E+10	2.0955E+07	1.8725E+08	2.01E+08	41	5.9575E+10	21242	32.8	0.1578	0.2777	24	0
0	112	654.391	21133	21137	21376	271	0	21090	21456	21249	2.0246E+07	3.183	118	2.8157E+09	5.6224E+06	6.3608E+06	5.78E+06	45	1.2476E+09	21245	36.9	-0.2842	0.1947	27	0
0	113	448.7741	21133	21138	21124	-1	0	21068	21181	21124	2.1617E+06	2.996	57	1.5727E+08	2.1266E+06	721532	660644	76	7.376E+07	21127	17.6	0.01337	0.2717	13	0
0	114	490.3027	21133	21139	21141	-1	0	21068	21237	21141	5.1198E+06	4.346	73	4.1204E+08	4.9894E+06	1.178E+06	1.26E+06	76	2.2029E+08	21139	24.1	0.08767	0.2321	17	0
0	115	641.6672	21133	21140	21133	-1	0	21103	21190	21133	2.8814E+06	3.63	52	1.3398E+08	2.5749E+06	793757	639574	76	5.9427E+07	21132	15.4	-0.127	0.2998	12	0
0	116	504.537	21141	21142	21012	-1	0	21000	21210	21012	3.5875E+08	4.003	54	3.5348E+10	8.0991E+07	8.9619E+07	1.17E+08	76	1.8259E+10	21043	29.6	0.5197	0.5837	24	0
0	117	410.2292	21141	21143	21012	-1	0	21000	21232	21012	2.9072E+07	3.799	82	3.0594E+09	4.5728E+06	7.6525E+06	9.62E+06	76	1.5249E+09	21047	33.4	0.5227	0.6779	26	0
0	118	500.7734	21144	21145	21155	-1	0	21068	21260	21155	4.3069E+06	3.218	136	4.7417E+08	3.615E+06	1.3384E+06	1.23E+06	76	2.359E+08	21154	33.2	0.08444	0.1995	24	0
0	119	442.6049	21144	21146	21144	-1	0	21037	21249	21144	4.1513E+06	3.444	139	4.4584E+08	4.2108E+06	1.2054E+06	1.16E+06	76	2.0932E+08	21139	34.8	-0.01448	0.2605	25	0
0	120	762.9256	21144	21147	21232	-1	0	21114	21351	21232	9.6783E+06	4.344	97	9.7575E+08	3.6245E+06	2.2279E+06	2.33E+06	42	5.5842E+08	21213	32.3	-0.3186	0.3053	22	0
0	121	802.4091	21144	21148	21144	-1	0	21114	21202	21144	4.4137E+06	2.225	7	1.4448E+08	3.3187E+06	1.9835E+06	2.73E+06	76	8.2275E+06	21148	6.67	0.113	0.454	6	0
0	122	487.95	21144	21149	21044	-1	0	21000	21237	21044	1.3177E+07	3.882	62	1.273E+09	2.9757E+06	3.394E+06	4.44E+06	76	6.755E+08	21045	25.8	0.22	0.3383	22	0
0	123	746.705	21144	21150	21224	-1	0	21068	21249	21224	9.7148E+06	3.112	53	8.1137E+08	3.5286E+06	3.1217E+06	2.35E+06	42	3.2977E+08	21209	27.3	-0.4533	0.273	19	0
0	124	445.5992	21144	21151	21178	-1	0	21133	21224	21178	2.3964E+06	3.296	51	9.9708E+07	1.4389E+06	727086	530337	76	3.1703E+07	21169	17.1	-0.3314	0.3459	12	0
0	125	580.3763	21144	21152	21144	-1	0	21103	21196	21144	2.6207E+06	3.515	50	1.3359E+08	2.3322E+06	745535	498972	76	5.036E+07	21151	18	0.1184	0.2494	14	0
0	126	830.9042	21144	21153	21168	-1	0	21114	21202	21168	3.5294E+06	4.168	50	2.0978E+08	3.8852E+06	846833	617335	37	1.4122E+08	21170	18.1	0.03071	0.2842	13	0
0	127	604.6671	21144	21154	21269	-1	0	21124	21492	21269	7.8076E+08	3.168	83	9.3594E+10	4.0688E+06	2.4643E+08	2.44E+08	49	4.4145E+10	21285	32	0.3838	0.3984	22	0
0	128	483.2889	21155	21156	21168	-1	0	21027	21419	21168	3.7636E+08	3.256	127	5.7199E+10	3.6798E+08	1.156E+08	1.33E+08	76	2.875E+10	21185	40.5	0.019	0.2024	30	0
0	129	416.2554	21155	21157	21093	-1	0	21000	21278	21093	1.78E+08	3.293	112	2.4306E+10	9.4483E+07	5.4057E+07	6.27E+07	76	1.2652E+10	21089	38.6	0.003684	0.2886	30	0
0	130	424.2518	21158	21159	21093	-1	0	21063	21237	21093	5.8713E+06	2.569	77	6.3069E+08	2.4318E+06	2.2858E+06	2.0E+06	76	2.7254E+08	21109	28	0.2396	0.3543	19	0
0	131	524.8325	21158	21160	21103	-1	0	21000	21213	21103	1.253E+07	5.534	59	9.7016E+08	6.3777E+06	2.264E+06	3.28E+06	76	5.972E+08	21111	27	0.3897	0.3572	20	0
0	132	498.2998	21158	21161	21133	-1	0	21027	21329	21133	1.8157E+07	4.188	92	2.0684E+09	1.5326E+07	4.3354E+06	5.84E+06	76	1.1517E+09	21145	30.7	0.3506	0.3108	23	0
0	133	508.6207	21158	21162	21232	-1	0	21093	21321	21232	1.5131E+07	5.78	55	1.1052E+09	6.5135E+06	2.6178E+06	2.83E+06	43	6.2512E+08	21211	34	-0.07811	0.2939	23	0
0	134	451.7748	21158	21163	21213	-1	0	21068	21318	21213	7.4292E+06	5.078	79	6.3898E+08	4.0699E+06	1.4631E+06	1.32E+06	41	3.2534E+08	21205	34.1	0.1138	0.258	24	0
0	135	591.4915	21158	21164	21168	-1	0	21037	21202	21168	2.46E+07	5.033	39	1.6187E+09	2.3808E+07	4.8881E+06	5.85E+06	36	1.0343E+09	21169	19.1	-0.2092	0.2809	14	0
0	136	511.2934	21158	21165	21226	-1	0	21114	21442	21226	1.1684E+08	4.207	77	1.3096E+10	2.9918E+07	2.7774E+07	3.03E+07	43	7.2591E+09	21243	32.5	0.02811	0.2115	25	0
0	137	629.8251	21158	21166	21226	-1	0	21124	21390	21226	1.0083E+07	4.698	82	9.4564E+08	3.4243E+06	2.1461E+06	1.81E+06	39	5.4064E+08	21222	30.4	0.01401	0.211	22	0
0	138	439.5914	21158	21167	21141	-1	0	21051	21196	21141	2.4945E+06	2.671	91	1.9456E+08	1.2534E+06	933897	689738	76	6.767E+07	21153	21.1	0.2987	0.2975	15	0
0	139	421.7684	21168	21169	21144	-1	0	21000	21335	21144	8.8272E+07	3.029	111	1.3691E+10	7.5382E+07	2.9138E+07	2.87E+07	76	5.9459E+09	21119	41.6	-0.1749	0.2901	31	0
0	140	584.2964	21168	21170	21047	-1	0	21000	21226	21047	1.5226E+08	4.424	64	1.4246E+10	1.2421E+07	3.4416E+07	4.81E+07	76	8.1171E+09	21057	29.8	0.3801	0.3855	25	0
0	141	631.3975	21168	21171	21168	-1	0	21081	21190	21168	1.9188E+06	2.545	61	1.2963E+08	1.9631E+06	754023	503077	37	4.8009E+07	21167	15.8	-0.4167	0.3569	11	0
0	142	675.7116	21168	21172	21012	40	0	21068	21385	21178	3.4386E+07	5.985	71	2.8636E+09	3.3505E+07	5.7453E+06	9.53E+06	76	1.7608E+09	21175	22.9	0.1122	0.2233	18	0
0	143	985.4819	21168	21173	21168	-1	0	21090	21202	21168	7.4528E+06	5.973	21	3.1608E+08	8.5921E+06	1.2477E+06	1.24E+06	37	1.9753E+08	21169	14.3	-0.0191	0.2764	11	0
0	144	785.1903	21168	21174	21260	-1	0	21044	21442	21260	2.0795E+07	3.104	84	3.1625E+09	7.6108E+06	6.6997E+06	6.22E+06	76	1.1861E+09	21251	34.5	-0.3251	0.2125	25	0
0	145	664.3516	21168	21175	21144	107	0	21111	21232	21158	2.7348E+06	3.714	62	1.7189E+08	2.9855E+06	736302	655851	76	8.6136E+07	21163	16.8	0.02921	0.2665	12	0
0	146	1021.5787	21168	21176	21232	-1	0	21124	21364	21232	1.1224E+07	3.52	107	1.2893E+09	5.338E+06	3.1882E+06	3.63E+06	46	6.4737E+08	21258	29.6	0.2667	0.3665	21	0
0	147	756.7164	21168	21177	21249	173	0	21121	21190	21178	1.6146E+06	1.953	40	8.1604E+07	1.1953E+06	826918	494553	37	2.7761E+07	21172	11.7	-0.1813	0.3672	8	0
0	148	647.0804	21178	21179	21158	-1	0	21121	21190	21158	1.4804E+07	1.766	48	9.8419E+08	1.3955E+07	8.3839E+06	5.55E+06	76	3.3782E+08	21161	18.5	-0.2651	0.3171	13	0
0	149	609.0308	21178	21180	21090	-1	0	21000	21269	21090	1.857E+08	3.464	109	2.5003E+10	7.704E+07	5.3609E+07	6.61E+07	76	1.3538E+10	21100	36.3	0.1494	0.3095	27	0
0	150	524.7722	21181	21182	21232	-1	0	21133	21365	21232	9.392E+06	5.253	35	6.648E+08	2.6101E+06	1.788E+06	1.86E+06	45	2.9565E+08	21247	26.5	0.576	0.5245	19	0
0	151	531.1037	21181	21183	21224	-1	0	21079	21442	21224	1.6224E+07	4.232	102	1.9306E+09	1.0348E+07	3.8339E+06	3.82E+06	41	9.9387E+08	21235	33	-0.08339	0.2126	24	0
0	152	600.8576	21181	21184	21190	-1	0	21044	21390	21190	3.904E+07	6.194	74	3.7101E+09	3.7426E+07	6.3027E+06	7.42E+06	39	2.3316E+09	21200	33	0.1876	0.228	25	0
0	153	593.8463	21181	21185	21178	-1	0	21124	21210	21178	4.2127E+06	4.153	50	1.9757E+08	4.438E+06	1.0144E+06	1.08E+06	76	1.0942E+08	21174	14.2	0.04512	0.2764	11	0
0	154	907.4472	21181	21186	21269	-1	0	21124	21492	21269	1.4767E+07	3.165	93	1.7504E+09	2.8194E+06	4.666E+06	4.42E+06	49	7.4341E+08	21282	33.4	0.4037	0.4567	23	0
0	155	767.3934	21181	21187	21037	-1	0	21000	21232	21037	1.3805E+07	4.584	52	1.15E+09	1.4645E+06	3.0116E+06	3.54E+06	76	5.4026E+08	21053	26.4	0.32	0.4377	22	0
0	156	692.3861	21181	21188	21249	-1	0	21133	21477	21249	5.4659E+06	3.21	152	6.6725E+08	1.1474E+06	1.703E+06	1.5E+06	46	2.5332E+08	21263	34.3	0.7306	0.608	24	0
0	157	862.4376	21181	21189	21144	-1	0	21111	21210	21144	1.181E+06	1.659	66	9.2015E+07	1.3454E+06	712017	492329	76	2.4144E+07	21160	19.9	0.3383	0.3033	14	0
0	158	837.6254	21190	21191	21181	-1	0	21111	21232	21181	1.9318E+06	3.107	63	1.3823E+08	2.0016E+06	621757	386667	75	6.0683E+07	21179	16.6	-0.1502	0.2897	12	0
0	159	906.7767	21190	21192	21269	-1	0	21124	21477	21269	1.5095E+07	3.564	105	1.7886E+09	2.7089E+06	4.235E+06	4.17E+06	46	8.5648E+08	21284	32.5	0.47	0.4368	23	0
0	160	686.3826	21190	21193	21226	-1	0	21103	21456	21226	1.0694E+07	3.375	84	1.3587E+09	5.9677E+06	3.1687E+06	3.04E+06	45	6.4193E+08	21251	32.8	0.3537	0.4633	23	0
0	161	799.1014	21190	21194	21210	-1	0	21114	21299	21210	5.4811E+06	3.754	77	4.8823E+08	5.1445E+06	1.46E+06	1.56E+06	45	2.6416E+08	21217	23.4	0.01654	0.2374	18	0
0	162	639.9192	21190	21195	21232	-1	0	21190	21351	21232	4.3247E+06	3.928	97	3.257E+08	1.1985E+06	1.1011E+06	910965	43	1.4994E+08	21247	26.6	0.5331	0.4755	19	0
0	163	442.7742	21196	21197	21178	-1	0	21133	21202	21178	1.3013E+06	1.816	36	7.0397E+07	408202	716564	490446	75	1.6791E+07	21173	10.3	-0.0251	0.3143	8	0
0	164	716.7282	21196	21198	21181	-1	0	21133	21213	21181	1.5111E+06	2.267	33	8.9055E+07	688443	666642	366121	39	3.5995E+07	21188	14.9	-0.02439	0.3085	11	0
0	165	725.891	21196	21199	21422	328	0	21068	21385	21344	3.9931E+07	2.893	124	5.9659E+09	8.1442E+06	1.3802E+07	9.48E+06	25	3.0393E+09	21321	42.2	-0.3069	0.2872	25	0
0	166	528.5782	21196	21200	21213	-1	0	21141	21318	21213	7.0564E+06	4.505	90	6.012E+08	5.6907E+06	1.5663E+06	1.5E+06	43	3.4622E+08	21226	29.6	0.2064	0.3236	21	0
0	167	702.3189	21196	21201	21285	-1	0	21121	21321	21285	5.8205E+06	1.644	69	7.3843E+08	2.8535E+06	3.5401E+06	1.94E+06	76	1.7185E+08	21276	25.2	-0.01048	0.3075	17	0
0	168	704.8852	21202	21203	21210	-1	0	21124	21255	21210	1.996E+06	3.267	68	1.0962E+08	305073	611023	293508	76	2.8235E+07	21197	21.7	-0.41	0.3281	16	0
0	169	554.2737	21202	21204	21196	-1	0	21158	21232	21196	1.5926E+06	2.692	8	5.0629E+07	578819	591694	233374	75	8.2046E+06	21197	9.21	0.07253	0.375	8	0
0	170	453.7529	21202	21205	21278	-1	0	21133	21492	21278	7.2985E+07	3.728	106	7.7293E+09	7.3943E+06	1.9576E+07	2.03E+07	48	3.6859E+09	21285	31	0.08135	0.2492	22	0
0	171	583.0523	21202	21206	21249	-1	0	21111	21376	21249	1.3948E+07	4.09	77	1.2445E+09	8.6879E+06	3.4105E+06	3.59E+06	46	5.8917E+08	21246	23.8	-0.1363	0.2415	18	0
0	172	439.9993	21202	21207	21293	-1	0	21093	21492	21293	4.3843E+07	4.031	82	4.1194E+09	2.9533E+06	1.0876E+07	1.2E+07	50	2.0507E+09	21298	28.4	0.06708	0.2444	19	0
0	173	757.3851	21202	21208	21249	-1	0	21168	21293	21249	2.3686E+06	2.86	61	1.594E+08	1.2109E+06	828176	957055	76	7.1433E+07	21238	19.9	-0.361	0.2985	15	0
0	174	546.6661	21202	21209	21181	-1	0	21133	21202	21181	2.0448E+06	2.909	33	1.0032E+08	1.0729E+06	702882	411252	37	5.2768E+07	21181	13.4	-0.1744	0.3392	10	0
0	175	558.8326	21210	21211	21133	-1	0	21000	21321	21133	6.3495E+07	4.939	76	6.2431E+09	7.8727E+06	1.2857E+07	1.93E+07	76	3.6599E+09	21134	25.8	0.06025	0.2234	19	0
0	176	471.2607	21210	21212	21012	17	0	21178	21249	21202	1.9648E+06	2.045	7	5.8054E+07	529709	961024	759337	76	2.1326E+07	21202	7	-0.1994	0.3727	5	0
0	177	504.0615	21213	21214	21224	-1	0	21093	21419	21224	3.4425E+07	4.069	70	3.2649E+09	4.1255E+07	8.4599E+06	7.94E+06	41	1.6177E+09	21222	25.7	0.09903	0.2427	20	0
0	178	552.6495	21213	21215	21213	-1	0	21168	21224	21213	1.3239E+06	1.521	26	5.9714E+07	518597	870199	832872	76	1.1312E+07	21213	8.24	-0.2175	0.404	7	0
0	179	544.6719	21213	21216	21249	-1	0	21168	21442	21249	7.0604E+06	4.106	89	7.2534E+08	4.0604E+06	1.7197E+06	1.66E+06	43	3.6607E+08	21269	34.9	0.3083	0.4587	23	0
0	180	415.797	21213	21217	21260	-1	0	21063	21376	21260	3.5965E+07	4.136	79	3.5003E+09	2.5216E+07	8.6945E+06	9.88E+06	46	1.7782E+09	21256	23.4	-0.1146	0.2314	17	0
0	181	663.6265	21213	21218	21237	-1	0	21155	21321	21237	4.0899E+06	3.817	86	3.48E+08	5.0494E+06	1.0716E+06	1.01E+06	41	1.8096E+08	21238	25.2	0.3467	0.2688	20	0
0	182	554.0595	21213	21219	21255	-1	0	21124	21365	21255	9.741E+06	5.078	68	7.6018E+08	5.6038E+06	1.9182E+06	2.35E+06	45	4.0121E+08	21256	20.9	0.1027	0.2353	16	0
0	183	594.0991	21213	21220	21224	-1	0	21190	21249	21224	2.4248E+06	2.785	19	7.6041E+07	3.2019E+06	870784	844036	76	3.2731E+07	21218	9.15	-0.1158	0.3324	9	0
0	184	514.295	21213	21221	21224	-1	0	21196	21335	21224	3.2713E+06	3.429	43	1.673E+08	3.297E+06	953874	838612	76	4.2377E+07	21217	12.9	0.1135	0.2764	11	0
0	185	730.3664	21213	21222	21224	-1	0	21181	21255	21224	1.4555E+06	2.691	27	6.6288E+07	1.1552E+06	540971	241149	75	2.5987E+07	21221	10.4	-0.0475	0.3286	10	0
0	186	632.8845	21213	21223	21237	-1	0	21178	21376	21237	2.5428E+06	3.072	88	2.6778E+08	3.037E+06	827752	807265	76	1.0843E+08	21243	27.7	0.7188	0.4342	21	0
0	187	443.0254	21224	21225	21213	-1	0	21133	21232	21213	2.5154E+06	4.405	8	7.4555E+07	489122	571064	278652	75	1.8289E+07	21216	11.2	-0.2189	0.3684	9	0
0	188	739.112	21226	21227	21190	-1	0	21027	21419	21190	2.2514E+08	4.094	97	2.8654E+10	1.8282E+08	5.4997E+07	6.05E+07	41	1.5619E+10	21203	36.1	0.1558	0.2436	26	0
0	189	468.0337	21226	21228	21237	-1	0	21124	21456	21237	2.0635E+07	3.573	73	2.504E+09	2.0106E+07	5.7753E+06	5.55E+06	45	1.2578E+09	21268	33.3	0.3373	0.4603	23	0
0	190	698.0554	21226	21229	21344	-1	0	21181	21492	21344	7.8822E+08	1.602	93	1.2261E+11	2.9055E+07	4.9205E+08	2.03E+08	26	2.3984E+10	21357	30	0.2816	0.2921	21	0
0	191	487.3155	21226	21230	21335	-1	0	21133	21492	21335	2.2827E+07	2.343	67	3.0784E+09	8.8459E+06	9.7435E+06	6.37E+06	26	8.5242E+08	21334	33.6	-0.1811	0.2081	23	0
0	192	537.2783	21226	21231	21318	-1	0	21141	21422	21318	1.5855E+07	2.684	91	1.875E+09	7.1553E+06	5.9076E+06	4.67E+06	51	6.881E+08	21306	36.1	0.2419	0.3099	25	0
0	193	577.6404	21232	21233	21158	-1	0	21000	21364	21158	1.6548E+07	4.003	100	1.9523E+09	5.4277E+06	4.1338E+06	4.7E+06	76	9.9729E+08	21141	38.4	-0.2345	0.2487	27	0
0	194	644.3541	21232	21234	21442	326	0	21181	21394	21299	6.0129E+06	3	107	6.571E+08	894783	2.0042E+06	2.06E+06	50	3.2569E+08	21310	29.4	0.001111	0.2559	20	0
0	195	800.4495	21232	21235	21255	-1	0	21196	21318	21255	1.0483E+07	4.411	70	7.465E+08	8.5537E+06	2.3764E+06	2.83E+06	43	4.8438E+08	21246	22.2	-0.1535	0.2557	17	0
0	196	688.7152	21232	21236	21226	-1	0	21124	21249	21226	2.2429E+06	2.751	50	1.2414E+08	1.9396E+06	815218	754336	76	3.5921E+07	21230	11.9	-0.1043	0.3188	10	0
0	197	434.9329	21237	21238	21168	-1	0	21020	21419	21168	2.1404E+08	3.168	124	3.3488E+10	1.2325E+08	6.7568E+07	7.38E+07	76	1.6073E+10	21181	43.1	0.02875	0.2203	31	0
0	198	597.3516	21237	21239	21321	-1	0	21144	21492	21321	6.2681E+07	3.083	88	7.2111E+09	1.6073E+07	2.0329E+07	1.96E+07	51	3.0499E+09	21317	30.8	0.03229	0.2091	21	0
0	199	517.0389	21237	21240	21226	-1	0	21178	21358	21226	8.2915E+06	5.18	7	4.0944E+08	3.539E+06	1.6006E+06	1.53E+06	76	1.7436E+08	21243	22.7	0.3053	0.4123	17	0
0	200	676.0031	21241	21242	21012	40	0	21190	21365	21210	2.7777E+07	0.8438	86	2.783E+09	2.4661E+07	3.2919E+07	3.32E+07	76	7.6749E+08	21211	8.49	-0.1751	0.4108	5	0
0	201	699.8754	21241	21243	21168	-1	0	21020	21364	21168	3.1691E+07	2.874	132	5.3799E+09	2.2954E+07	1.1027E+07	1.19E+07	76	2.5527E+09	21174	41.9	-0.12	0.2109	31	0
0	202	491.3319	21241	21244	21224	-1	0	21196	21419	21224	9.7347E+06	3.707	48	7.5062E+08	1.0179E+07	2.626E+06	2.71E+06	41	3.8088E+08	21227	20.8	0.4139	0.2964	16	0
0	203	566.5807	21241	21245	21226	-1	0	21178	21307	21226	4.5037E+06	3.474	62	3.2705E+08	4.4022E+06	1.2963E+06	1.22E+06	45	1.6622E+08	21221	20.1	-0.2538	0.2725	17	0
0	204	615.3302	21241	21246	21293	-1	0	21124	21492	21293	1.8864E+07	4.189	61	1.7066E+09	5.2203E+06	4.5033E+06	4.71E+06	50	7.4902E+08	21303	26	0.2158	0.2717	18	0
0	205	673.0239	21241	21247	21249	-1	0	21093	21307	21249	3.7066E+06	3.847	50	2.9016E+08	3.9981E+06	963585	730313	45	1.1293E+08	21237	25.1	-0.5666	0.2887	19	0
0	206	578.9613	21241	21248	21278	-1	0	21210	21329	21278	4.575E+06	5.705	48	2.1161E+08	1.691E+06	801909	813278	76	1.1545E+08	21268	21.3	0.001367	0.3075	15	0
0	207	808.9655	21249	21250	21255	-1	0	21224	21299	21255	1.4321E+06	2.479	36	7.7142E+07	496287	577639	301460	75	3.1325E+07	21259	13.7	0.2169	0.2764	11	0
0	208	979.9858	21249	21251	21241	-1	0	21210	21278	21241	2.0837E+06	4.064	6	4.6867E+07	499407	512768	90415	44	1.1645E+07	21248	12.3	0.5675	0.3042	11	0
0	209	523.794	21249	21252	21385	-1	0	21178	21492	21385	1.1762E+08	4.806	129	1.6439E+10	1.7234E+07	2.4473E+07	1.94E+07	25	9.9806E+09	21367	42.4	0.0533	0.3541	26	0
0	210	907.7809	21249	21253	21269	-1	0	21133	21492	21269	1.3719E+07	5.505	44	9.9626E+08	8.6187E+06	2.4919E+06	2.77E+06	48	4.8915E+08	21273	28.4	0.2055	0.2204	21	0
0	211	640.3417	21249	21254	21269	-1	0	21210	21492	21269	7.9371E+06	3.464	97	8.4712E+08	6.5338E+06	2.2915E+06	2.55E+06	49	4.3024E+08	21288	28.5	0.3504	0.3733	19	0
0	212	494.8207	21255	21256	21158	52	0	21249	21307	21260	2.9688E+08	1.779	37	1.5825E+10	2.8962E+08	1.669E+08	1.26E+08	46	5.0705E+09	21268	14	0.4175	0.3563	10	0
0	213	446.8706	21255	21257	21241	-1	0	21202	21278	21241	1.6356E+06	2.573	27	8.0312E+07	534435	635606	407389	75	3.0836E+07	21244	11.9	0.3188	0.281	11	0
0	214	456.5167	21255	21258	21293	-1	0	21181	21390	21293	1.0068E+08	3.153	67	9.8429E+09	5.4847E+07	3.1937E+07	2.72E+07	48	4.5062E+09	21296	23.7	0.2633	0.2611	16	0
0	215	608.9941	21255	21259	21285	-1	0	21181	21492	21285	1.5118E+07	4.101	75	1.3855E+09	7.1259E+06	3.6861E+06	3.47E+06	49	6.0956E+08	21304	35.5	0.2171	0.3613	23	0
0	216	472.0958	21260	21261	21260	-1	0	21232	21299	21260	1.3116E+06	2.028	31	6.231E+07	1.3027E+06	646578	341173	75	2.249E+07	21265	13.6	0.4524	0.2764	11	0
0	217	903.4463	21260	21262	21299	-1	0	21202	21394	21299	4.0919E+06	3.983	122	3.0534E+08	1.3144E+06	1.0273E+06	943520	49	1.2795E+08	21299	23	0.03041	0.2291	17	0
0	218	571.5784	21260	21263	21260	-1	0	21241	21307	21260	3.2161E+06	5.373	7	7.2506E+07	2.637E+06	598539	341157	75	2.789E+07	21262	14.7	0.2571	0.2875	10	0
0	219	458.3085	21260	21264	21093	-1	0	21000	21299	21093	1.7054E+08	2.997	131	2.7098E+10	2.2188E+07	5.6913E+07	6.17E+07	76	1.2897E+10	21117	38.9	0.04212	0.3226	28	0
0	220	623.7086	21260	21265	21260	-1	0	21181	21318	21260	6.391E+06	5.725	68	3.7671E+08	6.1078E+06	1.1163E+06	1.45E+06	76	2.315E+08	21255	22	-0.2725	0.2726	16	0
0	221	886.0062	21260	21266	21344	-1	0	21226	21492	21344	3.0385E+07	2.021	87	3.8147E+09	5.9914E+06	1.5033E+07	7.97E+06	31	1.0449E+09	21355	25.9	0.3518	0.3484	19	0
0	222	585.0306	21260	21267	21431	-1	0	21237	21492	21431	2.2026E+08	1.829	63	2.4146E+10	4.14E+06	1.2045E+08	6.16E+07	26	3.4736E+09	21427	13.3	-0.387	0.3458	10	0
0	223	777.0666	21260	21268	21269	-1	0	21232	21318	21269	1.2088E+06	2.217	39	7.7063E+07	1.0731E+06	545166	142703	46	2.5547E+07	21270	13.9	0.06246	0.2919	11	0
0	224	588.3737	21269	21270	21158	-1	0	21000	21358	21158	1.6063E+08	3.134	122	2.5374E+10	4.8522E+07	5.1246E+07	5.56E+07	76	1.2193E+10	21160	43.7	0.08012	0.1846	32	0
0	225	851.113	21269	21271	21260	-1	0	21224	21299	21260	2.3934E+06	3.085	28	7.6401E+07	597007	775741	766737	76	1.5784E+07	21273	14.8	0.1506	0.3016	10	0
0	226	573.3681	21269	21272	21419	-1	0	21202	21492	21419	2.7232E+08	1.486	76	3.6113E+10	1.4338E+08	1.8322E+08	7.31E+07	26	5.355E+09	21405	21.1	-0.1798	0.327	14	0
0	227	608.3518	21269	21273	21285	-1	0	21124	21365	21285	1.8996E+07	4.17	64	1.2817E+09	1.2657E+07	4.5552E+06	4.59E+06	49	6.4731E+08	21298	23.4	0.09354	0.2505	15	0
0	228	591.009	21269	21274	21335	-1	0	21213	21492	21335	1.1311E+08	2.284	85	1.2503E+10	1.8057E+07	4.9521E+07	2.51E+07	31	3.4666E+09	21360	28.3	0.08681	0.3222	19	0
0	229	628.3577	21269	21275	21269	-1	0	21133	21365	21269	1.5489E+07	3.211	104	1.7012E+09	1.6277E+07	4.8235E+06	4.88E+06	48	7.8846E+08	21271	29.2	0.1512	0.2285	21	0
0	230	1046.5793	21269	21276	21329	400	0	21196	21492	21321	1.1716E+07	1.888	129	1.6833E+09	4.1625E+06	6.2041E+06	3.9E+06	31	3.7327E+08	21348	34.6	0.6442	0.6806	23	0
0	231	611.6595	21269	21277	21269	-1	0	21226	21299	21269	4.123E+06	6.824	11	1.0133E+08	1.984E+06	604180	365166	75	5.362E+07	21271	14.6	0.1096	0.2764	11	0
0	232	533.9691	21278	21279	21232	-1	0	21027	21419	21232	5.1587E+08	4.65	89	5.7825E+10	2.3524E+07	1.1094E+08	1.22E+08	41	3.248E+10	21223	35.7	-0.243	0.235	25	0
0	233	709.6978	21278	21280	21260	-1	0	21068	21485	21260	3.7775E+07	3.244	95	4.82E+09	3.2348E+07	1.1646E+07	9.85E+06	47	1.9296E+09	21265	32.4	0.0699	0.2047	24	0
0	234	478.609	21278	21281	21321	-1	0	21237	21390	21321	8.4747E+06	5.794	67	6.1296E+08	5.4567E+06	1.4626E+06	2.26E+06	76	4.2137E+08	21315	23.4	-0.3057	0.2748	16	0
0	235	445.7691	21278	21282	21293	-1	0	21237	21405	21293	5.3334E+06	4.04	97	4.2486E+08	6.4616E+06	1.3202E+06	1.47E+06	48	2.2196E+08	21296	23.1	0.6161	0.279	17	0
0	236	663.1244	21278	21283	21237	181	0	21241	21321	21278	3.2971E+06	6.384	8	7.6513E+07	1.6922E+06	516471	133807	75	3.2853E+07	21281	14	0.1657	0.2875	10	0
0	237	634.3507	21278	21284	21241	-1	0	21210	21335	21241	4.6917E+06	2.583	69	3.2293E+08	2.4781E+06	1.8161E+06	1.27E+06	76	9.99E+07	21259	20.5	0.2209	0.3799	15	0
0	238	1119.5498	21285	21286	21278	-1	0	21237	21321	21278	2.3358E+06	3.94	14	8.372E+07	1.0677E+06	592799	187235	47	3.1003E+07	21280	14.2	0.2532	0.2875	10	0
0	239	766.4028	21285	21287	21431	365	0	21202	21485	21365	1.1597E+07	2.109	80	1.1206E+09	1.3497E+06	5.4977E+06	4.66E+06	28	3.7243E+08	21376	22.1	0.1214	0.266	16	0
0	240	572.534	21285	21288	21335	-1	0	21196	21492	21335	4.9836E+07	2.56	51	5.1931E+09	2.2009E+07	1.9466E+07	1.37E+07	30	1.6437E+09	21338	23.6	0.01791	0.2469	17	0
0	241	559.8767	21285	21289	21329	-1	0	21213	21492	21329	1.445E+07	2.425	86	1.7393E+09	5.7777E+06	5.9596E+06	4.21E+06	26	4.8264E+08	21345	31.8	0.8331	0.7823	21	0
0	242	515.3105	21285	21290	21376	-1	0	21213	21492	21376	3.8144E+07	1.507	103	5.7319E+09	1.2913E+07	2.5307E+07	9.94E+06	29	1.0216E+09	21380	28.6	0.01534	0.2563	19	0
0	243	555.6517	21285	21291	21269	-1	0	21190	21376	21269	5.6833E+06	3.497	94	5.2311E+08	4.8008E+06	1.6252E+06	1.79E+06	49	2.6651E+08	21276	25.9	0.3289	0.253	19	0
0	244	469.7739	21285	21292	21285	-1	0	21226	21394	21285	6.5243E+06	3.019	115	7.4905E+08	7.1011E+06	2.1612E+06	2.25E+06	48	4.0914E+08	21307	30.8	0.1047	0.2724	20	0
0	245	497.9624	21293	21294	21293	-1	0	21190	21344	21293	3.8274E+06	4.078	50	2.9065E+08	1.495E+06	938435	1.01E+06	76	1.5591E+08	21286	19.1	-0.1239	0.2932	13	0
0	246	692.7181	21293	21295	21260	-1	0	21232	21307	21260	3.0453E+06	2.863	43	1.1954E+08	617475	1.0636E+06	790827	50	3.9498E+07	21258	14.5	-0.04583	0.307	11	0
0	247	403.2447	21293	21296	21329	-1	0	21226	21358	21329	7.0451E+07	2.067	41	4.1547E+09	1.9982E+07	3.408E+07	2.34E+07	31	1.5247E+09	21335	14.5	-0.08284	0.3115	10	0
0	248	539.6905	21293	21297	21321	-1	0	21202	21492	21321	1.5943E+07	3.044	113	1.6346E+09	5.7617E+06	5.2384E+06	3.92E+06	35	6.4652E+08	21348	31.8	0.2096	0.4294	20	0
0	249	736.383	21293	21298	21285	-1	0	21241	21329	21285	1.4801E+06	2.541	40	8.9208E+07	1.431E+06	582396	219141	75	3.6899E+07	21285	15.2	-0.01954	0.3136	11	0
0	250	671.3472	21299	21300	21329	-1	0	21285	21390	21329	3.3785E+06	2.141	58	2.6648E+08	1.2931E+06	1.5783E+06	1.53E+06	51	1.0778E+08	21325	21.4	-0.1197	0.3084	15	0
0	251	1067.0011	21299	21301	21365	-1	0	21210	21492	21365	3.5267E+06	1.829	156	4.9921E+08	2.1892E+06	1.928E+06	1.68E+06	34	1.0802E+08	21367	24.6	0.2599	0.2233	18	0
0	252	628.8597	21299	21302	21269	-1	0	21190	21365	21269	6.8156E+06	3.278	119	7.12E+08	3.7023E+06	2.0793E+06	2.09E+06	47	3.8861E+08	21274	29.8	0.1242	0.2319	21	0
0	253	684.332	21299	21303	21299	-1	0	21241	21351	21299	5.9941E+06	2.913	14	3.0068E+08	4.9688E+06	2.0579E+06	1.53E+06	76	6.3123E+07	21299	15.1	-0.3217	0.3284	10	0
0	254	898.4308	21299	21304	21210	81	0	21255	21405	21293	4.1214E+06	1.931	55	3.183E+08	4.6522E+06	2.1348E+06	1.64E+06	50	8.3336E+07	21290	16.2	-0.3369	0.3315	11	0
0	255	550.2928	21299	21305	21114	-1	0	21000	21321	21114	3.2341E+07	4.53	89	3.4086E+09	1.9138E+06	7.139E+06	9.61E+06	76	1.903E+09	21127	31.3	0.0785	0.2534	22	0
0	256	1067.4979	21299	21306	21365	251	0	21249	21318	21307	2.8071E+06	2.509	17	9.5173E+07	2.7293E+06	1.1189E+06	754903	34	1.7634E+07	21304	10.3	-0.2106	0.3988	7	0
0	257	827.936	21307	21308	21335	-1	0	21255	21385	21335	3.6759E+06	5.19	33	1.9668E+08	1.6409E+06	708276	651257	76	9.4947E+07	21330	19.4	-0.3087	0.315	15	0
0	258	635.0197	21307	21309	21241	237	0	21285	21351	21307	1.1979E+06	1.473	26	6.5858E+07	1.1766E+06	813122	631700	76	1.1509E+07	21308	10.8	-0.2698	0.347	9	0
0	259	419.9445	21307	21310	21335	-1	0	21226	21492	21335	2.5773E+08	2.041	94	3.0745E+10	1.3296E+08	1.2625E+08	4.86E+07	31	7.6112E+09	21369	34.6	0.2647	0.5354	21	0
0	260	629.4131	21307	21311	21329	-1	0	21269	21394	21329	2.7702E+07	1.869	77	2.0797E+09	1.6596E+07	1.482E+07	8.18E+06	31	6.325E+08	21348	23.7	0.4367	0.5266	15	0
0	261	581.8054	21307	21312	21390	-1	0	21210	21492	21390	1.5963E+07	1.561	83	2.2885E+09	9.8306E+06	1.0224E+07	3.76E+06	26	2.0914E+08	21379	27.7	-0.1078	0.28	18	0
0	262	560.8191	21307	21313	21307	-1	0	21255	21351	21307	3.3616E+06	6.381	24	1.1353E+08	2.3512E+06	526813	189791	74	5.4479E+07	21305	15.2	0.03659	0.2764	11	0
0	263	484.2635	21307	21314	21318	-1	0	21111	21351	21318	3.1627E+07	1.363	61	4.0016E+09	3.5547E+07	2.3196E+07	9.78E+06	26	4.9508E+08	21303	20.7	-0.1253	0.2923	14	0
0	264	615.1282	21307	21315	21318	-1	0	21168	21492	21318	1.3083E+07	3.534	83	1.3492E+09	1.3697E+07	3.7019E+06	4.04E+06	51	5.8037E+08	21315	25.9	-0.08977	0.2555	18	0
0	265	711.3344	21307	21316	21321	-1	0	21232	21344	21321	7.7462E+06	1.45	25	4.9618E+08	8.1906E+06	5.3414E+06	2.91E+06	33	8.8238E+07	21326	12.1	-0.1612	0.3575	8	0
0	266	763.044	21307	21317	21329	-1	0	21241	21492	21329	6.3014E+06	2.421	107	6.5386E+08	3.9875E+06	2.6023E+06	2.07E+06	30	2.342E+08	21342	25	0.3013	0.3748	17	0
0	267	426.9483	21318	21319	21241	-1	0	21068	21419	21241	4.5569E+07	4.272	108	5.5903E+09	1.4729E+07	1.0668E+07	1.07E+07	41	3.0318E+09	21231	36.6	-0.09948	0.1889	26	0
0	268	449.7479	21318	21320	21307	-1	0	21269	21351	21307	3.325E+06	6.303	11	8.08E+07	831938	527566	139375	75	2.9012E+07	21309	12.9	-0.01393	0.3157	10	0
0	269	786.0497	21321	21322	21431	-1	0	21237	21492	21431	2.706E+08	1.794	71	2.9668E+10	2.5081E+07	1.5087E+08	8.13E+07	26	5.1249E+09	21421	16.6	-0.4345	0.327	12	0
0	270	687.8467	21321	21323	21358	-1	0	21210	21492	21358	1.1283E+07	1.784	103	1.4289E+09	6.1662E+06	6.324E+06	3.44E+06	29	3.1581E+08	21370	28.8	0.06816	0.2836	19	0
0	271	654.3463	21321	21324	21376	-1	0	21213	21492	21376	2.4549E+07	1.935	53	2.5939E+09	1.0817E+07	1.2685E+07	6.38E+06	27	5.4196E+08	21385	21.5	0.227	0.2931	16	0
0	272	702.3805	21321	21325	21358	-1	0	21249	21390	21358	1.3618E+07	1.743	55	9.9426E+08	7.7764E+06	7.8135E+06	3.61E+06	30	2.5568E+08	21361	16.4	0.1037	0.2685	12	0
0	273	520.2927	21321	21326	21394	-1	0	21260	21492	21394	1.2631E+07	1.843	58	1.3547E+09	2.8755E+06	6.8552E+06	2.83E+06	26	1.8868E+08	21399	20.7	0.0172	0.2838	15	0
0	274	898.8084	21321	21327	21329	-1	0	21285	21358	21329	3.6854E+06	2.74	20	1.2594E+08	3.7788E+06	1.3449E+06	1.07E+06	32	5.1064E+07	21334	13.9	0.05886	0.2875	10	0
0	275	805.0547	21321	21328	21335	-1	0	21241	21364	21335	3.2224E+06	2.558	31	1.6011E+08	1.21E+06	1.2595E+06	903675	32	3.2413E+07	21340	13.3	0.1598	0.2875	10	0
0	276	681.3884	21329	21330	21226	-1	0	21081	21419	21226	8.5941E+08	4.448	101	1.0251E+11	2.0401E+08	1.932E+08	2.04E+08	41	6.1332E+10	21243	33.1	0.1341	0.2845	24	0
0	277	463.3142	21329	21331	21431	-1	0	21285	21492	21431	9.7817E+07	2.154	34	9.3501E+09	2.3267E+06	4.5407E+07	3.66E+07	26	1.6684E+09	21433	11.5	0.09252	0.3092	9	0
0	278	814.4449	21329	21332	21321	-1	0	21255	21492	21321	3.5344E+06	2.523	104	3.7254E+08	4.1419E+06	1.4008E+06	966717	31	1.1127E+08	21331	25	0.8205	0.5483	18	0
0	279	705.0505	21329	21333	21321	-1	0	21269	21364	21321	2.4136E+06	3.708	26	1.1933E+08	2.0033E+06	650842	531193	75	6.1238E+07	21319	13.4	-0.04015	0.3187	10	0
0	280	517.9563	21329	21334	21321	-1	0	21278	21351	21321	2.327E+06	3.24	6	6.3141E+07	627295	718136	464207	76	1.1587E+07	21320	11.3	0.1109	0.3154	9	0
0	281	504.5361	21335	21336	21012	116	0	21307	21390	21335	9.1249E+06	0.1018	62	5.3778E+08	9.1249E+06	8.9619E+07	1.17E+08	76	2.2611E+08	21336	9.01	-0.1371	0.3727	5	0
0	282	482.0003	21335	21337	21431	-1	0	21278	21492	21431	6.8566E+07	1.92	69	7.1501E+09	1.4112E+07	3.5715E+07	2.13E+07	26	1.2817E+09	21424	14.8	-0.3718	0.3341	11	0
0	283	496.9738	21335	21338	21410	-1	0	21285	21492	21410	2.0453E+07	2.551	43	1.5636E+09	6.3912E+06	8.0164E+06	4.81E+06	26	3.4342E+08	21406	17.8	-0.1339	0.305	13	0
0	284	566.3602	21335	21339	21376	-1	0	21285	21492	21376	3.5477E+06	2.447	61	3.2322E+08	3.7863E+06	1.4495E+06	944999	31	8.3927E+07	21366	20.7	-0.1939	0.2511	15	0
0	285	632.3423	21335	21340	21351	-1	0	21293	21410	21351	1.8361E+06	2.22	50	1.2607E+08	1.7786E+06	827258	587432	28	3.2091E+07	21352	16.5	0.1285	0.3036	12	0
0	286	674.1096	21335	21341	21358	-1	0	21196	21492	21358	3.7116E+07	1.839	88	4.9999E+09	4.2523E+07	2.0182E+07	1.21E+07	26	1.2436E+09	21358	26	0.1118	0.2254	18	0
0	287	652.8448	21335	21342	21419	-1	0	21237	21492	21419	4.7477E+07	1.699	74	5.3288E+09	2.0116E+07	2.7946E+07	1.51E+07	26	1.187E+09	21405	21.2	-0.1597	0.3283	14	0
0	288	770.1418	21335	21343	21344	-1	0	21299	21385	21344	3.1887E+06	2.897	30	1.4658E+08	2.6932E+06	1.1006E+06	1.07E+06	30	6.4414E+07	21344	10.6	-0.1151	0.3495	9	0
0	289	747.0406	21344	21345	21329	-1	0	21293	21394	21329	7.5756E+06	1.623	48	5.0414E+08	7.7298E+06	4.668E+06	3.32E+06	51	1.0754E+08	21329	13.8	-0.273	0.3523	10	0
0	290	507.3267	21344	21346	21394	-1	0	21202	21492	21394	5.5477E+06	1.988	59	5.7303E+08	1.6942E+06	2.791E+06	2.29E+06	26	1.4708E+08	21390	18.2	-0.1099	0.2966	14	0
0	291	547.6511	21344	21347	21376	-1	0	21210	21405	21376	4.9726E+06	1.815	31	3.6491E+08	3.3113E+06	2.7395E+06	1.94E+06	29	1.0497E+08	21381	15.5	-0.02173	0.3025	11	0
0	292	796.3792	21344	21348	21431	-1	0	21299	21492	21431	1.3057E+07	1.911	90	1.378E+09	3.3191E+06	6.8313E+06	4.79E+06	26	2.4129E+08	21426	15.9	-0.5186	0.3332	11	0
0	293	743.3621	21344	21349	21364	-1	0	21321	21492	21364	2.8716E+06	3.305	67	1.9356E+08	1.5182E+06	868810	767955	76	5.9588E+07	21366	18.3	0.04806	0.2494	14	0
0	294	856.1636	21344	21350	21344	-1	0	21299	21376	21344	2.4061E+06	3.09	8	6.5474E+07	1.1522E+06	778689	493873	30	8.1403E+06	21343	8.71	-0.03642	0.3743	7	0
0	295	970.795	21351	21352	21196	98	0	21318	21405	21358	1.3254E+06	0.5912	48	8.5159E+07	1.414E+06	2.2416E+06	1.92E+06	51	2.6933E+07	21355	6.39	-0.218	0.3727	5	0
0	296	633.8406	21351	21353	21419	-1	0	21269	21492	21419	6.317E+06	2.477	72	5.0949E+08	651982	2.5498E+06	1.91E+06	26	1.3254E+08	21414	17.7	-0.2958	0.3282	13	0
0	297	439.2746	21351	21354	21431	-1	0	21237	21492	21431	6.2836E+07	1.737	64	7.1938E+09	2.2787E+07	3.6177E+07	1.79E+07	26	9.9364E+08	21425	14.3	-0.3823	0.3368	11	0
0	298	757.8762	21351	21355	21299	-1	0	21213	21394	21299	8.7515E+06	4.472	69	6.5279E+08	3.9352E+06	1.9569E+06	2.31E+06	50	3.6773E+08	21305	25.5	0.09096	0.2606	17	0
0	299	906.4948	21351	21356	21269	-1	0	21181	21492	21269	2.6404E+07	4.782	90	2.2555E+09	7.0195E+06	5.5213E+06	6.76E+06	48	1.2273E+09	21288	29.3	0.3126	0.4034	19	0
0	300	828.4802	21351	21357	21431	-1	0	21285	21492	21431	5.1031E+07	2.328	76	4.5698E+09	2.4332E+06	2.1917E+07	1.96E+07	26	9.5564E+08	21434	11.9	0.1093	0.3148	9	0
0	301	511.5445	21358	21359	21226	-1	0	21081	21442	21226	1.1167E+08	4.248	77	1.2465E+10	6.0119E+06	2.6291E+07	2.87E+07	43	6.9012E+09	21241	32.7	0.001024	0.196	24	0
0	302	870.1224	21358	21360	21365	-1	0	21299	21390	21365	3.9983E+06	1.533	30	2.5526E+08	3.7714E+06	2.6082E+06	1.83E+06	29	5.3362E+07	21371	13	-0.09957	0.3293	10	0
0	303	737.0023	21358	21361	21431	-1	0	21299	21492	21431	1.3754E+08	2.581	47	1.0842E+10	1.4345E+07	5.3291E+07	4.58E+07	26	2.9987E+09	21428	14	-0.09397	0.3021	10	0
0	304	677.8564	21358	21362	21358	-1	0	21202	21390	21358	2.8949E+06	3.787	7	1.3533E+08	1.9433E+06	764453	433898	29	1.8964E+07	21353	12.1	0.01704	0.3007	10	0
0	305	1178.5762	21358	21363	21431	318	0	21210	21492	21422	6.0404E+06	1.847	101	7.0726E+08	2.0628E+06	3.2712E+06	2.34E+06	26	1.1217E+08	21422	15	-0.3005	0.3219	11	0
0	306	414.7445	21365	21366	21431	-1	0	21335	21492	21431	3.4563E+07	2.501	74	2.7682E+09	1.2191E+06	1.3818E+07	1.23E+07	26	6.6021E+08	21432	11.7	0.1361	0.3146	9	0
0	307	771.9534	21365	21367	21376	-1	0	21293	21394	21376	4.0969E+06	1.663	42	1.8384E+08	854380	2.464E+06	1.44E+06	28	7.5531E+06	21378	8.59	0.2822	0.3143	8	0
0	308	680.5866	21365	21368	21269	-1	0	21079	21492	21269	2.0581E+08	3.132	89	2.6307E+10	5.5503E+07	6.5709E+07	5.86E+07	48	1.1648E+10	21277	31.5	0.1077	0.2476	23	0
0	309	585.6982	21365	21369	21431	-1	0	21226	21492	21431	9.2581E+07	1.814	65	1.0206E+10	4.0221E+07	5.1033E+07	2.52E+07	26	1.48E+09	21424	14.2	-0.339	0.33	11	0
0	310	797.0469	21365	21370	21431	292	0	21329	21492	21422	1.1632E+07	2.131	65	1.0631E+09	4.5121E+06	5.4586E+06	3.68E+06	26	2.057E+08	21421	15.8	-0.3143	0.3169	12	0
0	311	713.3928	21365	21371	21051	24	0	21285	21492	21405	3.6551E+06	2.061	87	3.2854E+08	2.7634E+06	1.7737E+06	1.39E+06	28	8.1453E+07	21389	19.8	-0.5515	0.3312	14	0
0	312	510.5588	21365	21372	21410	-1	0	21210	21492	21410	1.6243E+07	2.595	47	1.2352E+09	6.0957E+06	6.2589E+06	4.66E+06	26	3.1507E+08	21408	17.9	-0.2003	0.3202	13	0
0	313	799.6799	21365	21373	21365	-1	0	21329	21405	21365	3.0792E+06	4.074	7	7.7243E+07	1.8424E+06	755857	490772	28	1.5962E+07	21372	9.42	0.01981	0.3626	8	0
0	314	777.3621	21365	21374	21394	-1	0	21344	21492	21394	4.8066E+06	2.265	61	3.9528E+08	3.0133E+06	2.1217E+06	1.99E+06	27	1.4186E+08	21401	18.6	0.1459	0.2882	13	0
0	315	1105.5016	21365	21375	21422	-1	0	21321	21492	21422	1.5581E+07	2.562	64	1.2381E+09	1.712E+06	6.081E+06	5.5E+06	26	3.6801E+08	21425	13.8	-0.1605	0.3	10	0
0	316	907.1135	21376	21377	21269	-1	0	21124	21492	21269	1.9518E+07	3.311	112	2.2929E+09	1.6907E+06	5.8959E+06	5.85E+06	48	1.0525E+09	21282	32.5	0.1915	0.2963	23	0
0	317	716.3359	21376	21378	21431	-1	0	21335	21492	21431	1.4186E+07	2.136	36	1.3272E+09	6.1565E+06	6.6404E+06	5.31E+06	26	2.4475E+08	21430	12	-0.2167	0.3226	9	0
0	318	1178.0709	21376	21379	21431	-1	0	21285	21492	21431	7.0371E+06	2.131	90	6.8084E+08	6.2312E+06	3.3026E+06	2.25E+06	26	1.0777E+08	21421	21.2	-0.8371	0.3788	13	0
0	319	528.299	21376	21380	21385	-1	0	21344	21394	21385	2.0288E+06	1.452	27	9.5549E+07	3.882E+06	1.3973E+06	1.24E+06	27	1.7157E+07	21382	8.98	-0.08818	0.3629	7	0
0	320	849.428	21376	21381	21422	340	0	21210	21390	21365	3.5483E+06	1.658	51	2.152E+08	3.0452E+06	2.1403E+06	1.49E+06	27	6.3096E+06	21368	7.05	0.1031	0.3914	6	0
0	321	599.999	21376	21382	21394	-1	0	21299	21492	21394	4.0394E+06	2.283	94	3.2775E+08	3.4154E+06	1.7697E+06	1.45E+06	26	8.2827E+07	21394	15.7	-0.1341	0.3032	12	0
0	322	647.8525	21376	21383	21385	-1	0	21285	21492	21385	1.4599E+06	1.656	85	1.9262E+08	1.5728E+06	881417	682483	27	2.6962E+07	21373	19.2	-0.5106	0.2961	14	0
0	323	867.4484	21376	21384	21376	-1	0	21344	21394	21376	9.7823E+06	0.1205	20	1.8487E+08	3.4471E+06	8.1183E+07	1.15E+08	27	2.0532E+08	21376	6.95	0.03656	0.4348	5	0
0	324	791.3801	21385	21386	21410	-1	0	21351	21492	21410	6.4937E+06	2.024	55	5.9574E+08	1.0989E+06	3.209E+06	2.54E+06	26	1.4813E+08	21415	15.3	0.1427	0.3101	11	0
0	325	877.0394	21385	21387	21431	-1	0	21344	21492	21431	7.6649E+06	2.718	83	5.6504E+08	3.5935E+06	2.8197E+06	2.41E+06	26	9.686E+07	21430	12.6	-0.3765	0.3191	9	0
0	326	644.8686	21385	21388	21442	-1	0	21344	21492	21442	4.9253E+07	2.032	37	5.1469E+09	7.1869E+06	2.4239E+07	2.93E+07	26	7.1591E+08	21437	10.5	0.2091	0.3268	8	0
0	327	466.5205	21385	21389	21431	-1	0	21351	21492	21431	3.8489E+06	1.466	73	3.905E+08	1.511E+06	2.6255E+06	1.62E+06	51	3.3524E+07	21429	9.71	-0.07341	0.3784	8	0
0	328	725.8914	21390	21391	21422	-1	0	21385	21492	21422	4.3765E+07	1.201	48	4.0789E+09	4.424E+07	3.6432E+07	5.75E+06	26	2.0526E+08	21420	11.4	-0.4105	0.3518	8	0
0	329	708.3854	21390	21392	21419	-1	0	21237	21492	21419	5.0198E+06	1.5	98	6.9111E+08	6.3115E+06	3.3462E+06	1.73E+06	26	9.6373E+07	21404	20.1	-0.1563	0.3109	14	0
0	330	593.5358	21390	21393	21431	-1	0	21358	21492	21431	4.1616E+06	1.679	70	4.4974E+08	5.5429E+06	2.4787E+06	2.03E+06	26	8.7183E+07	21418	17.2	-0.08781	0.3125	12	0
0	331	453.5018	21394	21395	21269	-1	0	21133	21492	21269	6.7507E+07	2.812	107	8.4956E+09	9.5437E+06	2.4003E+07	2.5E+07	51	3.6309E+09	21285	30.4	0.2084	0.3642	20	0
0	332	472.2337	21394	21396	21431	-1	0	21351	21492	21431	3.3097E+06	1.981	104	2.7529E+08	533092	1.6704E+06	1.65E+06	26	5.9521E+07	21425	16.9	-0.7909	0.3702	12	0
0	333	589.79	21394	21397	21422	-1	0	21202	21492	21422	1.2051E+08	1.777	79	1.3322E+10	7.4677E+07	6.7817E+07	3.67E+07	26	2.3014E+09	21419	16.7	-0.3546	0.3285	12	0
0	334	513.3084	21394	21398	21422	-1	0	21278	21492	21422	5.5185E+07	2.136	55	5.047E+09	2.6898E+07	2.5833E+07	1.74E+07	26	1.1717E+09	21423	15	-0.3206	0.3283	11	0
0	335	606.3356	21394	21399	21422	-1	0	21237	21492	21422	2.8307E+07	1.692	73	3.4013E+09	2.5456E+07	1.6728E+07	9.49E+06	26	6.0088E+08	21416	18.9	-0.2862	0.3154	13	0
0	336	715.9995	21394	21400	21431	-1	0	21226	21492	21431	1.7281E+07	2.871	44	1.3015E+09	7.994E+06	6.0194E+06	4.98E+06	26	2.4637E+08	21428	12.9	-0.2228	0.329	9	0
0	337	472.5422	21394	21401	21431	-1	0	21307	21492	21431	7.5427E+06	2.3	70	6.7828E+08	5.011E+06	3.2797E+06	2.85E+06	26	1.3289E+08	21430	12.6	-0.0489	0.3068	10	0
0	338	533.3085	21394	21402	21232	232	0	21335	21492	21394	3.5523E+06	2.197	56	2.4955E+08	3.0758E+06	1.6168E+06	1.46E+06	28	8.1666E+07	21390	15.5	-0.1583	0.3339	12	0
0	339	566.2881	21394	21403	21431	-1	0	21344	21492	21431	1.0337E+07	2.739	57	7.403E+08	5.494E+06	3.7738E+06	2.86E+06	26	1.3253E+08	21425	14	-0.3199	0.3392	10	0
0	340	848.928	21394	21404	21422	-1	0	21351	21492	21422	4.7428E+06	1.777	102	4.9728E+08	4.0706E+06	2.6691E+06	1.95E+06	26	8.2321E+07	21422	14	-0.107	0.3261	10	0
0	341	1008.9854	21405	21406	21442	-1	0	21358	21492	21442	4.9652E+06	2.202	40	4.5076E+08	2.7318E+06	2.2553E+06	2.11E+06	26	8.0042E+07	21438	10.9	0.1758	0.335	8	0
0	342	808.4457	21405	21407	21431	-1	0	21394	21492	21431	4.2782E+06	3.052	40	1.7219E+08	1.373E+06	1.4016E+06	1.34E+06	26	4.2052E+07	21428	13.3	-0.6324	0.357	10	0
0	343	848.4273	21405	21408	21422	340	0	21364	21492	21431	4.2072E+06	1.774	58	4.743E+08	3.9147E+06	2.372E+06	2.46E+06	26	5.2916E+07	21433	9.88	-0.05453	0.3617	7	0
0	344	620.3456	21405	21409	21431	-1	0	21376	21492	21431	5.5214E+06	2.191	35	4.7344E+08	3.2079E+06	2.5201E+06	2.45E+06	26	9.39E+07	21434	11.3	0.1359	0.3102	9	0
0	345	552.3225	21410	21411	21431	-1	0	21285	21492	21431	6.7403E+08	2.281	66	6.0595E+10	4.4798E+08	2.9549E+08	2.45E+08	26	1.2655E+10	21432	12.1	0.0821	0.3104	9	0
0	346	490.5314	21410	21412	21410	-1	0	21365	21492	21410	3.2984E+06	0.5664	91	1.7857E+08	3.2264E+06	5.8229E+06	9.14E+06	76	6.7454E+07	21409	8.23	-0.2939	0.3727	5	0
0	347	741.9981	21410	21413	21431	-1	0	21364	21492	21431	2.8173E+06	1.749	50	2.9022E+08	4.2453E+06	1.6109E+06	1.44E+06	26	3.5142E+07	21427	11.4	-0.1147	0.3315	9	0
0	348	669.015	21410	21414	21431	-1	0	21385	21492	21431	5.5845E+06	2.485	46	4.0905E+08	3.8164E+06	2.2475E+06	2.04E+06	26	1.0529E+08	21433	11.5	0.1637	0.3089	9	0
0	349	678.1051	21410	21415	21376	-1	0	21329	21492	21376	4.552E+06	6.805	51	2.0861E+08	2.4208E+06	668962	575649	75	9.4604E+07	21387	20.8	0.1888	0.34	15	0
0	350	763.3769	21410	21416	21329	-1	0	21285	21492	21329	2.8923E+06	2.487	96	2.7204E+08	1.6103E+06	1.1628E+06	993749	32	8.112E+07	21340	18.6	0.4037	0.3411	14	0
0	351	729.6107	21410	21417	21419	-1	0	21376	21492	21419	1.1278E+06	2.058	66	9.5384E+07	1.3269E+06	547992	197975	75	2.2689E+07	21417	14.1	-0.09344	0.3301	10	0
0	352	812.3495	21410	21418	21442	-1	0	21390	21492	21442	4.2818E+06	1.981	41	4.2338E+08	1.0754E+06	2.1618E+06	2.44E+06	26	5.7699E+07	21438	9.97	0.3001	0.3415	7	0
0	353	697.7213	21419	21420	21344	-1	0	21190	21492	21344	7.8801E+08	1.594	94	1.234E+11	4.9195E+08	4.9437E+08	1.96E+08	26	2.3593E+10	21359	30.1	0.2509	0.3592	20	0
0	354	487.3159	21419	21421	21335	-1	0	21133	21492	21335	2.2827E+07	2.343	67	3.0784E+09	8.8459E+06	9.7435E+06	6.37E+06	26	8.5242E+08	21334	33.6	-0.1811	0.2081	23	0
0	355	604.3632	21422	21423	21344	-1	0	21226	21492	21344	7.4624E+08	1.887	73	8.6425E+10	2.8625E+08	3.954E+08	2.39E+08	29	2.3145E+10	21355	23.3	0.2288	0.2852	16	0
0	356	650.7267	21422	21424	21442	-1	0	21390	21492	21442	1.0981E+08	2.244	38	1.059E+10	5.0575E+07	4.8927E+07	6.46E+07	26	1.7164E+09	21439	10.3	0.2656	0.349	7	0
0	357	430.2482	21422	21425	21442	-1	0	21390	21492	21442	8.8157E+06	1.866	46	9.5567E+08	7.7011E+06	4.7238E+06	6.09E+06	26	1.0756E+08	21437	9.5	0.325	0.336	7	0
0	358	503.8605	21422	21426	21442	-1	0	21329	21492	21442	1.2947E+07	1.127	30	1.4194E+09	7.5092E+06	1.1487E+07	1.01E+07	51	3.4434E+08	21439	9.68	-0.07555	0.3727	5	0
0	359	637.3224	21422	21427	21121	103	0	21376	21492	21422	4.2471E+06	0.4539	55	3.5855E+08	4.4131E+06	9.3577E+06	8.13E+06	76	1.0258E+08	21427	9.38	-0.1784	0.3727	5	0
0	360	400.2599	21422	21428	21090	-1	0	21000	21492	21090	3.0801E+08	2.426	166	6.0592E+10	4.0724E+06	1.2697E+08	1.14E+08	76	2.4158E+10	21119	45	0.2195	0.443	35	0
0	361	1073.9979	21422	21429	21431	-1	0	21351	21492	21431	3.4118E+06	2.704	70	2.2105E+08	3.6048E+06	1.2619E+06	1.14E+06	26	4.99E+07	21429	10.8	-0.01031	0.3443	8	0
0	362	775.4526	21422	21430	21442	-1	0	21405	21492	21442	9.8416E+06	1.618	29	1.2218E+09	4.9244E+06	6.0826E+06	8.88E+06	26	8.0638E+07	21441	8.58	0.2754	0.3651	6	0
0	363	675.6685	21431	21432	21390	-1	0	21364	21492	21390	9.2974E+06	0.2775	56	5.1651E+08	5.2477E+06	3.3504E+07	3.44E+07	76	1.8101E+08	21391	8.67	-0.1415	0.3727	5	0
0	364	626.6656	21431	21433	21431	-1	0	21358	21492	21431	2.3211E+06	2.421	45	1.4807E+08	2.1605E+06	958553	604527	26	2.2576E+07	21423	14.3	-0.4532	0.3883	11	0
0	365	766.7521	21431	21434	21431	-1	0	21351	21492	21431	1.6989E+07	2.005	47	1.7542E+09	1.5233E+07	8.4723E+06	8.97E+06	26	2.5996E+08	21435	10.7	0.1949	0.3229	8	0
0	366	488.5471	21431	21435	21442	-1	0	21394	21492	21442	9.787E+06	2.466	46	7.9253E+08	8.999E+06	3.9694E+06	4.6E+06	26	1.7523E+08	21437	10.9	0.2103	0.3306	8	0
0	367	694.4692	21431	21436	21431	-1	0	21390	21492	21431	4.9201E+06	2.933	65	2.8721E+08	3.3326E+06	1.6775E+06	1.64E+06	26	4.5182E+07	21434	9.59	0.01106	0.3307	7	0
0	368	427.972	21431	21437	21431	-1	0	21385	21492	21431	3.9603E+06	2.942	83	2.253E+08	3.3379E+06	1.3461E+06	1.23E+06	26	4.2808E+07	21431	10.5	-0.05923	0.3423	8	0
0	369	538.8019	21431	21438	21442	-1	0	21394	21492	21442	1.2329E+07	0.6251	41	1.6176E+09	8.6848E+06	1.9723E+07	2.22E+07	76	3.5748E+08	21439	9.66	-0.1171	0.3727	5	0
0	370	597.7864	21431	21439	21431	-1	0	21318	21492	21431	9.5078E+06	2.369	55	7.901E+08	7.4557E+06	4.0138E+06	3.45E+06	26	2.0367E+08	21427	13	-0.1359	0.3132	9	0
0	371	791.7159	21431	21440	21410	324	0	21364	21492	21422	5.3372E+06	2.452	54	3.8871E+08	4.5312E+06	2.1768E+06	1.8E+06	26	1.1741E+08	21422	13.4	-0.06577	0.3163	10	0
0	372	436.2817	21431	21441	21442	-1	0	21394	21492	21442	9.9276E+06	3.5	31	1.5725E+09	7.1089E+06	2.8365E+06	6.38E+06	75	2.3311E+08	21442	12.4	0.2191	0.3131	9	0
0	373	578.6359	21442	21443	21442	-1	0	21394	21492	21442	3.3369E+08	2.071	36	3.4897E+10	2.8645E+08	1.6116E+08	2.26E+08	26	4.6481E+09	21439	10.1	0.2565	0.3463	7	0
0	374	732.8844	21442	21444	21442	-1	0	21405	21492	21442	7.2201E+06	1.684	31	8.5461E+08	7.7856E+06	4.2883E+06	6.47E+06	26	6.3975E+07	21441	8.75	0.2838	0.3591	6	0
0	375	523.5433	21445	21446	21385	-1	0	21358	21492	21385	1.1177E+08	1.519	60	9.717E+09	5.9416E+07	7.3588E+07	3.14E+07	26	1.3294E+09	21387	17.6	0.4015	0.3321	13	0
0	376	494.8206	21445	21447	21158	52	0	21307	21492	21321	1.9847E+08	1.078	34	1.758E+10	4.1949E+07	1.8406E+08	1.26E+08	51	5.0028E+09	21322	8.46	-0.1819	0.3727	5	0
0	377	517.3043	21445	21448	21442	-1	0	21394	21492	21442	1.0732E+07	1.636	33	1.3455E+09	1.2329E+07	6.5592E+06	1.0E+07	26	9.2754E+07	21439	8.64	0.2134	0.3581	7	0
0	378	976.0864	21445	21449	21442	-1	0	21405	21492	21442	2.2261E+06	1.629	36	2.3001E+08	3.8887E+06	1.3661E+06	1.42E+06	26	1.86E+07	21441	8.66	0.2706	0.3584	6	0
0	379	529.2897	21445	21450	21431	-1	0	21390	21492	21431	1.8788E+06	1.129	46	2.2744E+08	2.6193E+06	1.6634E+06	1.49E+06	76	4.2553E+06	21430	7.03	-0.05894	0.4495	6	0
0	380	508.2994	21445	21451	21442	-1	0	21329	21492	21442	9.5318E+06	1.783	32	1.0968E+09	1.0323E+07	5.3458E+06	5.9E+06	26	1.1156E+08	21435	9.14	-0.01141	0.3307	7	0
0	381	425.9199	21445	21452	21442	-1	0	21405	21492	21442	7.3322E+06	5.956	31	1.0159E+09	8.7929E+06	1.2311E+06	2.87E+06	74	1.8205E+08	21444	12.7	0.2206	0.3367	8	0
0	382	646.6556	21445	21453	21442	-1	0	21394	21492	21442	7.0825E+06	1.928	30	7.3642E+08	8.5551E+06	3.6733E+06	4.86E+06	26	7.198E+07	21439	9.58	0.2426	0.3414	7	0
0	383	744.6651	21445	21454	21442	-1	0	21394	21492	21442	2.2383E+06	2.025	33	1.6324E+08	3.1881E+06	1.1054E+06	938676	26	3.2463E+07	21437	10.6	0.1798	0.3279	8	0
0	384	874.4389	21445	21455	21442	-1	0	21405	21492	21442	2.7655E+06	1.44	36	3.5323E+08	4.7847E+06	1.9205E+06	2.42E+06	26	1.5459E+07	21440	7.27	-0.1337	0.3789	5	0
0	385	456.5168	21456	21457	21422	-1	0	21390	21492	21422	4.5174E+07	1.268	25	3.5804E+09	3.4226E+07	3.5639E+07	3.04E+07	51	2.2329E+08	21428	8.19	-0.09373	0.4301	7	0
0	386	730.6379	21456	21458	21442	-1	0	21405	21492	21442	2.6905E+06	3.222	31	3.3897E+08	4.3169E+06	834993	1.27E+06	75	5.8273E+07	21443	11.8	0.2504	0.3254	8	0
0	387	620.9997	21456	21459	21445	-1	0	21405	21492	21445	8.9625E+06	3.265	34	2.2477E+09	1.4335E+07	2.7454E+06	1.06E+07	75	1.5802E+08	21446	11.2	0.1773	0.3464	7	0
0	388	672.9946	21456	21460	21431	-1	0	21344	21492	21431	1.4044E+07	2.151	35	1.327E+09	1.2068E+07	6.5282E+06	6.08E+06	26	2.3396E+08	21435	11.1	0.162	0.334	8	0
0	389	772.9013	21456	21461	21442	-1	0	21405	21492	21442	5.0561E+06	3.487	29	9.0787E+08	1.006E+07	1.45E+06	3.8E+06	75	1.1611E+08	21444	12	0.1935	0.3302	8	0
0	390	422.2842	21456	21462	21442	-1	0	21358	21492	21442	3.9974E+06	1.916	65	4.1091E+08	6.0312E+06	2.0866E+06	2.04E+06	26	5.3079E+07	21437	10.3	0.2043	0.325	8	0
0	391	575.3162	21456	21463	21431	-1	0	21358	21492	21431	9.8428E+06	1.994	34	1.0086E+09	1.0232E+07	4.9351E+06	5.27E+06	26	1.4904E+08	21435	10.7	0.1972	0.3225	8	0
0	392	663.8583	21456	21464	21442	-1	0	21405	21492	21442	3.4234E+06	1.662	29	3.918E+08	8.4337E+06	2.0597E+06	2.68E+06	26	3.0416E+07	21442	8.96	0.2107	0.3651	6	0
0	393	616.3536	21456	21465	21442	-1	0	21394	21492	21442	3.1753E+06	1.653	42	3.5502E+08	5.3811E+06	1.9211E+06	2.12E+06	26	2.7981E+07	21438	8.22	-0.005415	0.3499	6	0
0	394	447.9577	21456	21466	21442	-1	0	21405	21492	21442	1.457E+06	2.209	36	1.9613E+08	1.5693E+06	659581	720536	75	2.2467E+07	21441	10.5	0.1559	0.3632	7	0
0	395	585.0291	21467	21468	21431	-1	0	21237	21492	21431	2.2026E+08	1.829	63	2.4146E+10	4.14E+06	1.2045E+08	6.16E+07	26	3.4736E+09	21427	13.3	-0.387	0.3458	10	0
0	396	573.3685	21467	21469	21419	-1	0	21202	21492	21419	2.7232E+08	1.486	76	3.6113E+10	1.4338E+08	1.8322E+08	7.31E+07	26	5.355E+09	21405	21.1	-0.1798	0.327	14	0
0	397	583.6302	21467	21470	21442	-1	0	21405	21492	21442	4.0074E+06	1.912	31	4.6707E+08	9.3113E+06	2.0962E+06	2.82E+06	76	4.4908E+07	21441	9.65	0.1985	0.3509	7	0
0	398	886.0087	21467	21471	21344	-1	0	21226	21492	21344	3.0385E+07	2.021	87	3.8147E+09	5.9914E+06	1.5033E+07	7.97E+06	31	1.0449E+09	21355	25.9	0.3518	0.3484	19	0
0	399	468.2708	21467	21472	21442	-1	0	21394	21492	21442	1.8126E+06	2.342	43	2.5131E+08	4.5047E+06	774094	815362	75	3.1238E+07	21438	11	0.1625	0.337	8	0
0	400	1046.0778	21467	21473	21329	-1	0	21232	21492	21329	1.2219E+07	1.777	69	1.5223E+09	4.3324E+06	6.8746E+06	3.99E+06	27	1.9209E+08	21340	21.5	0.6006	0.5715	15	0
0	401	688.8644	21467	21474	21442	-1	0	21405	21492	21442	749587	0.8302	48	9.2605E+07	1.6413E+06	902877	816424	76	2.28E+07	21438	9.78	-0.02136	0.3727	5	0
0	402	500.2832	21467	21475	21442	-1	0	21405	21492	21442	856214	1.429	36	1.6237E+08	3.5359E+06	599334	483389	75	5.598E+06	21437	7.98	-0.01998	0.3996	6	0
0	403	700.0118	21467	21476	21422	-1	0	21364	21492	21422	896446	1.72	89	1.094E+08	992304	521199	159044	75	1.9107E+07	21415	19.1	-0.3912	0.3224	14	0
0	404	883.4415	21477	21478	21442	-1	0	21405	21492	21442	1.1287E+06	2.122	30	1.17E+08	1.091E+06	532028	181991	74	1.1777E+07	21437	10.3	0.1534	0.3257	8	0
0	405	856.4181	21477	21479	21431	-1	0	21365	21492	21431	1.7005E+06	1.755	68	1.5438E+08	539581	968706	722163	26	2.8022E+07	21425	13.8	-0.2457	0.3364	10	0
0	406	585.963	21477	21480	21442	-1	0	21394	21492	21442	6.9435E+06	2.345	31	5.8913E+08	9.8108E+06	2.9614E+06	3.91E+06	26	5.7617E+07	21440	9.44	0.2386	0.3437	7	0
0	407	669.8643	21477	21481	21442	-1	0	21394	21492	21442	4.9888E+06	2.018	34	4.8012E+08	8.1254E+06	2.4719E+06	2.74E+06	26	6.0598E+07	21439	9.91	0.2623	0.3445	7	0
0	408	403.8309	21477	21482	21422	-1	0	21390	21492	21422	7.279E+06	0.06621	58	5.2394E+08	4.6286E+06	1.0994E+08	1.42E+08	76	2.0189E+08	21426	9.43	-0.1202	0.3727	5	0
0	409	591.3416	21477	21483	21335	-1	0	21196	21492	21335	8.9988E+07	1.931	71	1.0636E+10	1.1789E+07	4.6596E+07	2.23E+07	29	2.1698E+09	21360	27.9	0.141	0.3171	19	0
0	410	548.1246	21477	21484	21431	-1	0	21390	21492	21431	2.5549E+06	1.959	64	2.1717E+08	2.3876E+06	1.304E+06	1.37E+06	26	3.6043E+07	21435	10.2	0.1844	0.3481	8	0
0	411	914.4521	21485	21486	21431	-1	0	21405	21492	21431	677400	1.357	46	1.1014E+08	630111	499039	86147	74	5.0228E+06	21430	11	-0.4696	0.3504	9	0
0	412	441.2622	21485	21487	21431	-1	0	21405	21492	21431	647567	1.255	47	7.263E+07	926090	515810	111448	75	3.3747E+06	21428	9.67	-0.4948	0.4796	8	0
0	413	468.0706	21485	21488	21442	-1	0	21405	21492	21442	3.0805E+06	4.547	30	1.9311E+08	6.2075E+06	677485	837104	75	1.9705E+07	21437	10.4	0.2042	0.3265	8	0
0	414	451.9115	21485	21489	21431	-1	0	21405	21492	21431	681565	1.255	34	1.0469E+08	4.0952E+06	543053	345337	75	3.0867E+06	21430	7.68	-0.2206	0.4793	6	0
0	415	792.9268	21485	21490	21442	-1	0	21405	21492	21442	1.4245E+06	2.162	36	1.8639E+08	4.8109E+06	658779	703527	75	2.1292E+07	21440	10.4	0.1691	0.3551	7	0
0	416	599.0101	21485	21491	21431	-1	0	21405	21492	21431	630889	1.199	48	9.13E+07	2.9791E+06	526265	261816	75	2.6939E+06	21427	9.77	-0.4626	0.4531	8	0
0	417	818.4075	21492	21493	21431	-1	0	21394	21492	21431	2.0717E+06	3.619	30	1.3319E+08	2.9049E+06	572394	367107	75	1.5998E+07	21433	10.2	-0.08207	0.3275	8	0
0	418	708.6822	21492	21494	21431	-1	0	21405	21492	21431	636101	1.24	48	7.8806E+07	1.0683E+06	513070	127928	75	3.331E+06	21426	10.3	-0.4631	0.4427	8	0
0	419	584.3115	21492	21495	21442	-1	0	21390	21492	21442	2.215E+07	2.435	34	1.8835E+09	3.6046E+07	9.0952E+06	1.16E+07	26	3.0793E+08	21438	10.5	0.2343	0.3308	8	0
0	420	629.574	21492	21496	21442	-1	0	21405	21492	21442	2.8439E+06	0.8776	28	4.0137E+08	9.3088E+06	3.2407E+06	3.08E+06	51	8.086E+07	21440	9.58	-0.215	0.3727	5	0
0	421	655.3972	21492	21497	21422	-1	0	21394	21492	21422	631869	0.3156	46	9.5804E+07	5.4297E+06	2.0023E+06	1.56E+06	51	1.9272E+07	21427	9.49	-0.1687	0.3727	5	0
0	422	914.1205	21492	21498	21431	411	0	21394	21492	21422	623732	1.236	49	9.255E+07	4.5904E+06	504812	104663	75	3.8556E+06	21422	13.4	-0.5808	0.4343	9	0
0	423	708.3477	21492	21499	21431	-1	0	21405	21492	21431	681066	1.277	39	9.1565E+07	4.5174E+06	533210	159065	75	3.3645E+06	21430	7.88	-0.2734	0.4541	6	0
0	424	878.4389	21492	21500	21442	-1	0	21405	21492	21442	1.3064E+06	2.181	50	1.4075E+08	4.4279E+06	598887	452105	75	2.1111E+07	21438	11	0.1413	0.3372	8	0
