Dataset	ScanNumber	ScanTime	ScanType	TotalIonIntensity	BasePeakIntensity	BasePeakMZ	BasePeakSignalToNoiseRatio	IonCount	IonCountRaw
0	7301	37.816	1	2.1945E+06	94718	647.407	84.33	1574	1574
0	7302	37.82017	2	14430	1585.3	255.137	92.44	73	226
0	7303	37.82617	2	77482	5615.5	792.841	195.5	166	531
0	7304	37.8315	2	2171.5	194.81	800.539	20.01	31	121
0	7305	37.8375	2	1874.8	247.26	646.915	30.81	31	124
0	7306	37.84333	2	1806.6	136.65	722.14	16.44	27	116
0	7307	37.84933	2	1080.1	180.16	679.334	20.88	15	67
0	7308	37.85517	2	1113.8	79.2	825.218	9.629	21	76
0	7309	37.86117	2	2336.3	151.3	708.362	15.52	33	114
0	7310	37.867	2	359.97	30.636	1143.45	4.155	9	35
0	7311	37.87267	2	771.6	51.428	1059.07	4.461	7	56
0	7312	37.8785	1	965817	90086	647.468	248.7	1222	1222
0	7313	37.88267	2	2369.4	1598.9	613.357	202.4	12	57
0	7314	37.88867	2	14104	6861.2	629.289	625.1	54	205
0	7315	37.89466	2	3700.5	318.22	1584.64	28.89	31	167
0	7316	37.90017	2	6537.2	1630.1	658.358	138.8	38	135
0	7317	37.906	2	3238.2	307.39	809.436	31.95	40	162
0	7318	37.912	2	2010.7	405.83	765.156	42.41	20	103
0	7319	37.91784	2	2277.4	120.86	834.214	14.02	36	173
0	7320	37.92367	2	3534.1	340.96	585.321	24.05	30	101
0	7321	37.92967	2	1389.9	82.162	609.246	11.96	26	117
0	7322	37.93567	2	1553.7	514.75	603.18	74.43	13	95
0	7323	37.94167	1	1.1706E+06	101284	647.409	244.2	1256	1256
0	7324	37.94617	2	10750	2353.5	658.361	200.5	55	173
0	7325	37.952	2	30759	3877.5	785.199	264.2	155	473
0	7326	37.958	2	5370.9	678.76	750.769	66.64	49	183
0	7327	37.96383	2	1892.9	146.13	553.277	14.41	30	99
0	7328	37.96983	2	7600	1180.3	700.201	94.15	62	252
0	7329	37.97567	2	19299	1785	735.601	130.5	100	329
0	7330	37.98167	2	2028.7	246.31	826.539	25.09	21	106
0	7331	37.9875	2	6589.3	1375.2	659.323	143.7	49	194
0	7332	37.99333	2	1840.6	140.29	640.225	15.96	23	131
0	7333	37.99933	2	1272.2	101.8	654.399	11.12	14	92
0	7334	38.00517	1	1.0744E+06	72020	647.39	171.3	1286	1286
0	7335	38.00983	2	16641	774.01	693.959	55.99	129	396
0	7336	38.01583	2	8647.7	752.82	735.558	75.58	78	269
0	7337	38.02167	2	9631.6	375.78	723.098	29.91	94	328
0	7338	38.02767	2	3467	454.77	402.212	46.54	35	148
0	7339	38.0335	2	4568.5	262.26	907.474	25.09	61	245
0	7340	38.03933	2	3381.5	314.93	803.034	27.44	38	156
0	7341	38.04517	2	1370.9	272.56	885.373	29.06	14	78
0	7342	38.05117	2	1410.3	119.64	762.323	15.23	28	111
0	7343	38.057	2	3632.2	245.36	796.862	27.18	51	180
0	7344	38.06283	2	51.503	33.818	1771.14	6.473	1	4
0	7345	38.06833	1	777819	39725	647.435	111.8	1211	1211
0	7346	38.07267	2	12618	636.84	775.983	46.36	105	370
0	7347	38.07867	2	387.05	41.659	481.027	7.342	9	41
0	7348	38.08467	2	4886	2283.4	651.32	307.6	24	83
0	7349	38.09067	2	1835	219.26	671.331	27.75	30	120
0	7350	38.0965	2	1895	103.38	589.352	11.33	28	124
0	7351	38.1025	2	1587.3	114.74	840.962	11.76	23	108
0	7352	38.10833	2	2862.9	394.11	700.306	41.42	40	156
0	7353	38.11417	2	5537	1007.3	640.312	92.47	35	126
0	7354	38.12017	2	1057.8	106.34	469.394	13.95	17	74
0	7355	38.12617	2	8474.3	2666.1	763.473	221.9	36	108
0	7356	38.132	1	895030	71595	870.443	189.7	1206	1206
0	7357	38.13633	2	18894	679.24	784.443	49.81	136	434
0	7358	38.14217	2	11701	2071.2	640.315	133.7	47	166
0	7359	38.14817	2	10027	3813.4	763.435	318.9	28	100
0	7360	38.154	2	820.67	68.138	658.473	8.275	14	70
0	7361	38.16	2	5454.1	1248.8	890.38	118.1	22	93
0	7362	38.16583	2	389.73	86.251	505.232	11.67	7	35
0	7363	38.17183	2	10239	1690.3	905.245	131.5	66	257
0	7364	38.17767	2	7129.8	1281.9	905.255	118.6	62	217
0	7365	38.18367	2	7326.8	1907.5	414.205	142.4	33	110
0	7366	38.18933	2	2733.5	211.61	840.281	24.45	42	170
0	7367	38.19517	1	1.3909E+06	240779	870.452	620.1	1232	1232
0	7368	38.1995	2	6526.6	1182.4	445.746	80.25	30	114
0	7369	38.2055	2	8982.6	2718.5	414.281	233.9	34	105
0	7370	38.21117	2	1822.2	973.88	559.21	143.1	20	77
0	7371	38.21717	2	10568	1809.8	765.377	164.6	43	167
0	7372	38.22317	2	5014.4	817.12	622.279	87.61	45	138
0	7373	38.229	2	3357.1	428.03	941.379	38.51	32	138
0	7374	38.23483	2	4146.7	1307	542.347	130.6	23	83
0	7375	38.24083	2	1345.7	125.36	255.151	16.02	24	88
0	7376	38.24667	2	40.68	12.178	1913.71	1.915	0	5
0	7377	38.25217	2	6157.5	1356.9	912.381	131.5	47	144
0	7378	38.258	1	1.7821E+06	350928	870.464	893.2	1223	1223
0	7379	38.2625	2	8761.9	412.53	833.436	38.52	93	307
0	7380	38.26833	2	20026	3575.2	639.329	222.4	69	209
0	7381	38.27433	2	2986.2	665.93	603.172	63.54	32	123
0	7382	38.28017	2	6081	152.87	1800.47	13.5	84	264
0	7383	38.286	2	1674.2	618.81	525.154	61.79	9	47
0	7384	38.29217	2	5297.7	1115	896.49	104.5	33	127
0	7385	38.298	2	4562	863.81	912.405	79.7	33	127
0	7386	38.30383	2	2314	449.26	396.193	54.44	28	84
0	7387	38.3095	2	3589.8	1911.6	857.404	206.5	12	57
0	7388	38.31533	2	3651	795.53	753.474	92.38	35	137
0	7389	38.32117	1	1.7814E+06	343046	869.643	800.8	1284	1284
0	7390	38.32567	2	31649	12100	385.205	900.4	44	130
0	7391	38.33183	2	3322.9	913.61	429.35	93.23	25	91
0	7392	38.33783	2	4974.7	838.5	740.413	85.03	40	132
0	7393	38.34367	2	1486.7	366.73	559.298	43.89	15	86
0	7394	38.34967	2	9522.2	2212.2	641.34	185.6	42	145
0	7395	38.35567	2	5409.7	1547.5	386.274	153.3	21	70
0	7396	38.36167	2	5038.2	436.71	833.235	36.47	55	220
0	7397	38.3675	2	2938.1	1023	603.244	107.5	20	99
0	7398	38.3735	2	3277	443.78	660.578	39.78	30	127
0	7399	38.37933	2	1184.5	151.58	647.057	17.97	14	87
0	7400	38.38533	1	979187	95572	870.517	258.6	1200	1200
0	7401	38.38983	2	31409	2720	915.43	103.8	133	403
0	7402	38.3955	2	31948	14829	657.333	971	64	198
0	7403	38.40133	2	8678.6	1565	175.009	115.7	43	143
0	7404	38.40733	2	5416.4	721.75	421.22	65.63	42	172
0	7405	38.41333	2	37290	3362.7	916.418	121.8	152	452
0	7406	38.41917	2	2091.9	318.45	420.652	36.78	28	82
0	7407	38.42484	2	1825.9	155.54	472.719	15.02	26	100
0	7408	38.43083	2	3630.4	552.48	647.297	54.8	30	112
0	7409	38.43683	2	1874.5	649.62	857.423	81.93	11	39
0	7410	38.4425	2	2016.4	145.81	421.365	17.5	31	110
0	7411	38.4485	1	2.0445E+06	467298	933.528	900.6	1336	1336
0	7412	38.45284	2	36384	19510	827.45	1268	46	143
0	7413	38.45867	2	11884	2235.1	689.338	148.1	66	225
0	7414	38.46467	2	29631	3081.3	918.4	120.9	135	449
0	7415	38.4705	2	10404	2454.7	898.224	238.5	34	131
0	7416	38.47617	2	16186	5280.1	927.322	516.1	31	113
0	7417	38.482	2	9183.4	4132	933.389	453.9	22	78
0	7418	38.48783	2	25252	8932.6	828.469	733.2	50	139
0	7419	38.49367	2	13807	1936.1	590.289	104	52	177
0	7420	38.49967	2	10337	3636.1	490.198	423.4	27	97
0	7421	38.50583	2	18131	10006	885.426	811.4	64	250
0	7422	38.5115	1	3.5026E+06	1.2444E+06	933.576	1900	1188	1188
0	7423	38.51617	2	9532.3	3590.5	464.476	325.4	40	125
0	7424	38.52217	2	7655.5	2608.6	472.203	197.2	36	128
0	7425	38.528	2	818.39	74.522	1080.12	8.092	11	63
0	7426	38.53383	2	9957	3600.6	886.487	349.3	48	198
0	7427	38.53967	2	21975	4963.5	689.268	278.7	93	273
0	7428	38.54567	2	13393	2465.3	690.332	153.6	84	271
0	7429	38.55167	2	3049.6	1094.6	647.251	105.6	28	107
0	7430	38.5575	2	194.44	66.245	933.538	6.925	3	13
0	7431	38.563	2	4012.2	1227.9	707.318	97.53	30	92
0	7432	38.569	2	7533.5	437.59	898.365	32.29	64	263
0	7433	38.57483	1	4.2783E+06	1.5599E+06	933.595	2313	1199	1199
0	7434	38.57917	2	3519.8	1365.9	603.173	136	22	112
0	7435	38.58517	2	8673.8	568.55	897.335	42.48	66	245
0	7436	38.591	2	11849	2687.9	547.266	231.9	40	184
0	7437	38.59683	2	2122.7	463.46	638.155	57.89	31	112
0	7438	38.60283	2	4568.4	846.04	658.364	78.8	33	142
0	7439	38.60867	2	14190	3700.3	943.287	344.4	38	137
0	7440	38.6145	2	5339.9	1139.5	866.413	100.9	45	151
0	7441	38.6205	2	30592	4034	793.191	266.3	133	458
0	7442	38.62634	2	4128.6	669.07	672.417	68.37	47	183
0	7443	38.63233	2	4281.3	472.4	409.125	31.65	28	120
0	7444	38.638	1	3.7462E+06	1.3380E+06	933.533	2055	1143	1143
0	7445	38.64267	2	6025.9	894.27	657.34	81.58	44	154
0	7446	38.6485	2	5385.4	595.18	457.317	47.43	36	139
0	7447	38.6545	2	6803.7	481.85	745.472	44.31	63	284
0	7448	38.6605	2	3029	376.04	573.279	40.97	31	108
0	7449	38.6665	2	3443.2	730.23	947.373	87.62	24	69
0	7450	38.67233	2	1978.3	159.43	513.41	19.55	31	105
0	7451	38.67833	2	1166.2	231.15	537.16	26.53	15	61
0	7452	38.68433	2	452.37	62.789	1040.75	9.039	8	43
0	7453	38.69	2	1287.1	190.4	607.542	18	13	72
0	7454	38.696	2	2445.9	334.03	444.081	29.45	24	99
0	7455	38.70183	1	2.7061E+06	806824	933.512	1338	1204	1204
0	7456	38.70667	2	40383	16496	885.444	1121	103	351
0	7457	38.7125	2	7421.5	851.27	802.473	66	70	272
0	7458	38.7185	2	4277.7	370.86	940.464	37.75	51	200
0	7459	38.724	2	5772.8	903.02	174.984	88.6	43	145
0	7460	38.73	2	1167.1	158.98	539.203	20.07	21	88
0	7461	38.736	2	239.12	47.709	971.395	4.73	4	17
0	7462	38.7415	2	2750	192.47	454.221	19.55	35	147
0	7463	38.74733	2	2803.6	1356.1	883.357	150	16	77
0	7464	38.75317	2	5406.3	2312.3	883.398	240.5	23	134
0	7465	38.759	2	5803.7	859.9	591.277	70.24	47	168
0	7466	38.765	1	2.4763E+06	706665	933.536	1355	1238	1238
0	7467	38.76983	2	12010	783.09	1099.37	58.56	107	427
0	7468	38.77567	2	13636	1390.5	559.261	104.4	86	315
0	7469	38.7815	2	1745.4	198.06	573.279	27.59	29	107
0	7470	38.7875	2	2374.9	180.87	487.214	19.69	29	125
0	7471	38.7935	2	1789.4	281.18	638.292	29.33	20	104
0	7472	38.7995	2	2005.5	323.29	472.415	37.03	25	81
0	7473	38.8055	2	1390.2	272.23	1004.37	27.24	10	79
0	7474	38.81133	2	4339.2	396.31	777.357	39.19	50	190
0	7475	38.81717	2	10266	1068	900.648	90.74	98	301
0	7476	38.823	2	1062.9	118.01	1167.32	13.51	17	72
0	7477	38.82883	1	2.5155E+06	680086	933.54	1211	1263	1263
0	7478	38.8335	2	51560	3287.1	702.068	120.8	150	503
0	7479	38.83883	2	6076.9	293.45	873.48	23.59	55	282
0	7480	38.84467	2	3471.7	423.92	696.391	43.31	31	156
0	7481	38.8505	2	2236	241.82	204.079	30.67	32	92
0	7482	38.8565	2	5065.3	447.86	803.41	42.88	60	259
0	7483	38.8625	2	2884.9	157.68	808.514	15.26	43	176
0	7484	38.86833	2	20289	1392.2	783.787	103.2	126	460
0	7485	38.87433	2	977.11	133.87	563.547	21.56	18	65
0	7486	38.88033	2	4770	249.03	903.429	22.77	54	224
0	7487	38.88617	2	2399.9	310.18	212.057	34.13	32	116
0	7488	38.89183	1	2.3926E+06	571140	933.523	968.1	1379	1379
0	7489	38.8965	2	3083	981.63	559.174	86.44	23	118
0	7490	38.9025	2	5769.8	652.82	901.404	58.63	50	210
0	7491	38.90833	2	3258.2	680.7	903.458	76.06	28	114
0	7492	38.91417	2	8505.1	665.45	560.322	55.13	63	244
0	7493	38.92	2	1326.6	88.575	1585.84	7.853	17	83
0	7494	38.92567	2	483.04	60.668	1039.21	8.813	11	38
0	7495	38.93133	2	1810.6	125.56	947.349	15.47	29	127
0	7496	38.93717	2	1491.3	125.71	871.334	14.82	22	120
0	7497	38.943	2	440.43	187.23	1533.56	26.3	5	19
0	7498	38.94867	2	159.56	30.618	1498.75	5.685	5	15
0	7499	38.95417	1	2.0148E+06	419882	933.547	811.1	1352	1352
0	7500	38.95867	2	3575	332.2	805.743	36.38	45	159
0	7501	38.96467	2	4413.6	413.01	804.209	38.6	44	172
0	7502	38.9705	2	4237.7	1371.1	903.433	171	24	123
0	7503	38.97633	2	1892.6	229.65	785.181	23.43	23	83
0	7504	38.98217	2	2226.4	441.97	603.142	47.65	28	102
0	7505	38.98817	2	3519.2	846.6	928.424	76.47	19	81
0	7506	38.994	2	1815.5	511.06	431.236	56.25	18	72
0	7507	39	2	1602	159.81	770.271	16.53	17	108
0	7508	39.00583	2	1710.9	194.17	1490.64	21.67	24	113
0	7509	39.0115	2	2902.2	286.97	500.202	31.67	39	156
0	7510	39.01733	1	1.4024E+06	147888	933.571	342.2	1204	1204
0	7511	39.02167	2	14215	5024	385.23	465.9	33	115
0	7512	39.02767	2	1279.2	276.12	443.354	36.83	16	69
0	7513	39.0335	2	1345.9	136.72	428.304	18.39	21	86
0	7514	39.03933	2	6470.2	735.75	739.269	68.97	59	242
0	7515	39.04533	2	812.57	87.256	480.392	11.93	14	71
0	7516	39.05133	2	3482.1	134.97	833.62	11.28	48	171
0	7517	39.05717	2	858.27	79.088	490.931	11.35	16	68
0	7518	39.06317	2	1620.2	169.7	469.699	19.22	23	77
0	7519	39.06917	2	2233.1	213.18	693.167	21.98	33	126
0	7520	39.07516	2	1332.9	158.5	705.117	19.44	16	83
0	7521	39.081	1	1.2035E+06	98334	933.476	204.5	1292	1292
0	7522	39.08533	2	82598	7462.9	915.419	108	127	394
0	7523	39.09017	2	27508	2585.7	916.404	105.8	124	423
0	7524	39.096	2	5195.2	940.8	557.124	97.44	40	129
0	7525	39.102	2	2778.3	181.84	756.526	16.5	31	126
0	7526	39.108	2	4215.2	724.57	777.599	80.92	49	188
0	7527	39.11383	2	2435	185.8	824.457	18.17	32	145
0	7528	39.11967	2	2235.3	1004.9	689.349	99.38	16	78
0	7529	39.12567	2	4123.7	202.87	794.472	18.97	47	176
0	7530	39.1315	2	1571.5	368	1111.36	45.54	21	55
0	7531	39.13717	2	1004.6	49.973	1567.61	5.624	19	69
0	7532	39.14283	1	889454	35602	801.663	87.33	1217	1217
0	7533	39.147	2	10421	4280.8	885.452	364.9	47	185
0	7534	39.15283	2	1826	431.91	611.323	55.69	20	77
0	7535	39.15883	2	645.4	70.602	512.993	8.895	12	45
0	7536	39.16483	2	16595	923.85	745.797	65.95	121	436
0	7537	39.17083	2	1511	131.28	590.44	13.94	22	97
0	7538	39.17683	2	1113.3	105.42	456.325	11.29	14	75
0	7539	39.18283	2	1069.8	85.426	619.123	10.01	15	78
0	7540	39.18884	2	1785.5	89.403	705.268	10.38	28	145
0	7541	39.19467	2	1832.9	222.68	856.358	22.64	28	101
0	7542	39.2005	2	3837.8	1593.5	827.509	116.4	17	87
0	7543	39.20633	1	889688	28278	802.118	68.43	1216	1216
0	7544	39.211	2	12604	1414	784.662	116	102	392
0	7545	39.21684	2	2595.6	248.82	626.259	28.31	33	116
0	7546	39.22283	2	1663.8	153.03	940.495	14.68	23	101
0	7547	39.2285	2	1306.4	99.708	1081.37	12.74	20	93
0	7548	39.23433	2	3196.1	522.98	730.604	57.31	35	162
0	7549	39.24017	2	55.713	14.061	1523.8	2.188	1	6
0	7550	39.24583	2	2215.2	126.38	807.027	13.8	40	127
0	7551	39.25167	2	3752.9	427.35	730.497	47.26	50	198
0	7552	39.25767	2	956.99	223.47	559.097	30.99	14	64
0	7553	39.26367	2	1264	145.87	723.402	14.26	16	66
0	7554	39.2695	1	727793	36903	801.634	102.9	1201	1201
0	7555	39.274	2	1864.3	808.75	603.126	97.82	18	73
0	7556	39.27983	2	3266.7	327.82	825.433	38	40	195
0	7557	39.28583	2	2768.5	1745.4	409.304	256.6	11	49
0	7558	39.2915	2	6621.9	430.68	777.791	35.91	66	220
0	7559	39.2975	2	924.75	151.85	697.316	21.01	12	58
0	7560	39.3035	2	464.96	55.466	503.365	8.541	12	39
0	7561	39.3095	2	1812.3	203.14	757.685	25.38	24	91
0	7562	39.31533	2	3637.5	791.71	436.219	99.3	44	169
0	7563	39.32133	2	1496.4	271.66	469.314	26.83	18	62
0	7564	39.32717	2	1094.6	243.06	647.279	32.1	18	75
0	7565	39.33317	1	740549	31550	801.591	84.06	1192	1192
0	7566	39.33733	2	30866	1570.9	629.424	92.98	168	522
0	7567	39.34333	2	1204.7	95.11	375.225	12.63	23	86
0	7568	39.34933	2	10088	1124.1	824.504	99.12	80	292
0	7569	39.35517	2	2348.9	810.21	842.387	88.7	18	74
0	7570	39.361	2	2554.4	811.62	658.346	79.26	27	93
0	7571	39.36683	2	2653.9	439.1	846.479	35.21	20	88
0	7572	39.37283	2	6030.3	599.77	794.096	56.71	75	264
0	7573	39.37867	2	1121.1	217.06	1094.43	24.64	18	63
0	7574	39.3845	2	773.42	59.842	593.403	6.706	13	59
0	7575	39.39034	2	2055.6	249.94	671.397	36.23	32	121
0	7576	39.39617	1	862020	35204	793.134	91.62	1225	1225
0	7577	39.40067	2	1774.3	607.34	657.448	69.44	15	72
0	7578	39.40667	2	3309.9	560.98	629.337	57.29	37	140
0	7579	39.4125	2	1444	119.56	1100.65	12.2	16	107
0	7580	39.41833	2	1269	298.91	292.202	32.88	13	50
0	7581	39.42433	2	3580.8	292.36	788.467	27.19	35	168
0	7582	39.43033	2	1776.8	356.61	647.262	49.37	23	81
0	7583	39.43616	2	4327.4	908.43	846.512	71.96	24	91
0	7584	39.44217	2	2419.3	879.8	886.474	107.1	17	87
0	7585	39.448	2	2136.1	191.49	766.442	22.51	32	135
0	7586	39.45383	2	1252.8	76.288	817.211	11.08	18	93
0	7587	39.45967	1	880948	37029	842.466	97.05	1239	1239
0	7588	39.46417	2	35323	3077.9	1099.45	187.4	180	628
0	7589	39.47017	2	33846	3056.4	1099.45	161.3	146	565
0	7590	39.476	2	10026	1152	437.226	96.5	81	325
0	7591	39.48183	2	1949.2	167.01	1082.51	19.4	27	128
0	7592	39.48767	2	2149.5	163.33	811.463	15.14	27	119
0	7593	39.4935	2	3568.5	1329.3	658.414	198	32	109
0	7594	39.4995	2	3026.2	802.6	984.444	80.11	22	100
0	7595	39.50533	2	2409.2	1195.7	662.326	138.1	15	65
0	7596	39.51117	2	171.77	25.426	1554.1	2.753	2	14
0	7597	39.51667	2	3940.8	677.38	822.413	69.27	41	160
