Dataset	ParentIonIndex	MZ	SurveyScanNumber	FragScanNumber	OptimalPeakApexScanNumber	PeakApexOverrideParentIonIndex	CustomSICPeak	PeakScanStart	PeakScanEnd	PeakScanMaxIntensity	PeakMaxIntensity	PeakSignalToNoiseRatio	FWHMInScans	PeakArea	ParentIonIntensity	PeakBaselineNoiseLevel	PeakBaselineNoiseStDev	PeakBaselinePointsUsed	StatMomentsArea	CenterOfMassScan	PeakStDev	PeakSkew	PeakKSStat	StatMomentsDataCountUsed	InterferenceScore
667076	0	368.71	0	1	19229	-1	0	18701	19691	19229	77566	1002	64	6.1634E+06	0	77.432	332	2763	6.0204E+06	19227	43.5	-0.01458	0.2987	11	0
667076	1	368.71	0	1	19801	-1	0	19141	20197	19801	17279	658.6	79	1.7186E+06	0	26.235	118	2762	1.5926E+06	19789	44.9	-0.1266	0.282	11	0
667076	2	368.71	0	1	19801	-1	0	19295	20307	19801	72894	1721	67	6.3755E+06	0	42.354	346	2762	6.0258E+06	19787	45.6	-0.1468	0.2912	11	0
667076	3	427.231	0	2	20396	-1	0	20022	20902	20396	221294	2399	55	1.3963E+07	0	92.236	580	2764	1.4587E+07	20404	39.8	0.02451	0.3112	10	0
667076	4	427.231	0	2	20396	-1	0	20044	20880	20396	111852	2234	52	6.7797E+06	0	50.059	201	1226	6.9668E+06	20404	39.6	0.03113	0.3106	10	0
667076	5	427.231	0	2	20396	-1	0	20044	20770	20396	95222	3201	56	5.8967E+06	0	29.746	213	2764	6.1977E+06	20403	39.8	0.03466	0.3098	10	0
667076	6	458.76	0	3	23697	-1	0	23345	24203	23697	60409	791.1	95	6.1001E+06	0	76.363	213	1326	6.226E+06	23706	42.7	0.01287	0.2948	10	0
667076	7	458.76	0	3	23697	-1	0	23345	24225	23697	37308	441.4	98	3.8099E+06	0	84.525	300	2759	3.8278E+06	23705	44.4	-0.0304	0.2767	11	0
667076	8	458.76	0	3	23697	-1	0	23323	24071	23697	106940	1695	96	1.0574E+07	0	63.079	437	2762	1.0989E+07	23703	43.7	-0.02643	0.2887	11	0
667076	9	486.778	0	4	20068	-1	0	19716	20574	20068	136069	1888	50	8.0258E+06	0	72.061	588	2759	8.5177E+06	20075	40.1	0.02553	0.311	10	0
667076	10	486.778	0	4	21630	-1	0	21168	22334	21630	48803	403.9	56	4.9423E+06	0	120.84	398	1264	3.4299E+06	21642	41.5	0.02725	0.2875	10	0
667076	11	486.778	0	4	30518	-1	0	30144	30914	30518	4168.5	62.68	115	487795	0	66.502	161	1721	467376	30527	49.4	0.01099	0.2821	12	0
667076	12	490.249	0	5	27901	-1	0	27351	29155	27901	5909.7	72.6	183	1.4565E+06	0	81.396	197	1450	1.2092E+06	27882	84.3	-0.2982	0.2249	20	0
667076	13	490.249	0	5	27901	-1	0	27241	28583	27901	7018.3	174.8	203	1.6715E+06	0	40.14	121	1251	1.5342E+06	27897	86	-0.08723	0.213	20	0
667076	14	490.249	0	5	27901	-1	0	27351	28627	27901	15493	248.6	210	3.6306E+06	0	62.316	236	1453	3.4569E+06	27888	90.8	-0.2129	0.2083	21	0
667076	15	490.249	0	5	27901	-1	0	27505	28451	27901	6606.6	663.1	208	1.5332E+06	0	9.9635	56.3	1450	1.4956E+06	27887	92.7	-0.03428	0.2039	22	0
667076	16	495.285	0	6	20202	-1	0	19828	20642	20202	41201	559.2	58	3.3491E+06	0	73.685	264	1221	3.1596E+06	20194	42	-0.0249	0.2901	10	0
667076	17	495.285	0	6	20202	-1	0	19828	20532	20202	51051	735.2	58	3.9649E+06	0	69.434	255	2763	3.8541E+06	20195	41.1	-0.01314	0.2941	10	0
667076	18	495.285	0	6	20202	-1	0	19498	20576	20202	55688	691.8	218	6.2641E+06	0	80.499	385	2752	6.2088E+06	20133	97.4	-0.4983	0.5458	18	0
667076	19	514.79	0	7	21369	-1	0	20973	21853	21369	202203	2983	72	1.5773E+07	0	67.796	822	2764	1.6678E+07	21359	40.7	0.003099	0.3096	10	0
667076	20	514.79	0	7	21347	-1	0	21017	21853	21347	55696	1291	70	4.5419E+06	0	43.146	178	1258	4.6257E+06	21357	40.8	0.008866	0.3126	10	0
667076	21	514.79	0	7	21347	-1	0	20863	21853	21347	41679	2001	75	3.4896E+06	0	20.828	118	1256	3.6033E+06	21357	40.9	0.001513	0.3145	10	0
667076	22	515.947	0	8	24230	-1	0	23878	24736	24230	307941	3316	78	2.6253E+07	0	92.864	734	1344	2.7072E+07	24235	43	-0.0295	0.3015	11	0
667076	23	515.947	0	8	24230	-1	0	23856	24736	24230	54591	1077	75	4.5074E+06	0	50.707	234	1340	4.6652E+06	24237	41.6	0.01395	0.3132	10	0
667076	24	515.947	0	8	24230	-1	0	23460	24604	24230	42702	1302	73	3.8029E+06	0	32.804	153	1341	3.6838E+06	24234	43.8	-0.05684	0.3045	11	0
667076	25	515.947	0	8	24230	-1	0	23702	24582	24230	30594	2442	72	2.6563E+06	0	12.528	89.2	1343	2.558E+06	24234	44.1	-0.06561	0.3008	11	0
667076	26	522.581	0	9	23747	-1	0	23219	24099	23747	79940	1124	71	6.4445E+06	0	71.095	325	1325	6.5684E+06	23744	43.4	0.01189	0.2973	11	0
667076	27	522.581	0	9	21987	-1	0	21613	22339	21987	30680	934.2	71	2.6972E+06	0	32.841	125	1273	2.6695E+06	21978	41	-0.006764	0.3056	10	0
667076	28	522.581	0	9	21987	-1	0	21613	22317	21987	46484	576.1	81	4.2186E+06	0	80.685	404	1277	4.2576E+06	21978	41	-0.001971	0.3024	10	0
667076	29	539.626	0	10	22296	-1	0	21922	22780	22296	142575	1714	65	1.1757E+07	0	83.176	579	2760	1.153E+07	22294	42.2	0.04611	0.2951	11	0
667076	30	539.626	0	10	22296	-1	0	21966	22846	22296	39915	864.5	64	3.3923E+06	0	46.168	170	1284	3.09E+06	22294	42.4	0.03981	0.2956	11	0
667076	31	539.626	0	10	22296	-1	0	21812	23264	22296	31427	2213	65	2.8424E+06	0	14.2	67.9	1286	2.6275E+06	22293	42	0.04898	0.2934	11	0
667076	32	543.287	0	11	24123	-1	0	23639	24607	24123	159554	584.4	85	1.5033E+07	0	273.04	1134	1337	1.5141E+07	24119	43.2	0.03215	0.2956	11	0
667076	33	543.287	0	11	24123	-1	0	23815	24607	24123	127722	1261	88	1.2399E+07	0	101.3	804	1340	1.2865E+07	24121	43.3	0.02608	0.2981	11	0
667076	34	543.287	0	11	20581	-1	0	20119	21659	20581	13068	433.7	59	1.1959E+06	0	30.13	100	1234	923050	20588	40.9	0.02071	0.3135	10	0
667076	35	589.819	0	12	25246	-1	0	24872	26060	25246	5309.6	148.3	340	1.0242E+06	0	35.792	94.4	1373	643129	25251	44.2	-0.04418	0.3016	11	0
667076	36	589.819	0	12	25246	-1	0	24894	25708	25246	7080.1	154.3	94	883251	0	45.877	113	1372	794798	25246	46.1	0.03487	0.2764	11	0
667076	37	589.819	0	12	25246	-1	0	24916	25796	25246	7801.5	295.6	104	840009	0	26.394	92.9	1371	835918	25249	44.2	-0.007854	0.2914	11	0
667076	38	601.374	0	13	31517	-1	0	31143	32177	31517	3379.2	252.2	139	510613	0	13.4	43.1	1258	477227	31527	51.7	0.02134	0.2665	12	0
667076	39	601.374	0	13	21551	-1	0	21067	22035	21551	11968	1329	51	709750	0	9.008	33	1262	715427	21557	39.3	0.0301	0.3068	10	0
667076	40	601.374	0	13	22101	-1	0	21683	22519	22101	31274	1796	64	2.2644E+06	0	17.408	111	1277	2.3733E+06	22111	40.9	0.01305	0.3081	10	0
667076	41	640.342	0	14	26370	-1	0	25490	28064	26370	1716.5	29.63	1255	757228	0	57.923	145	1227	360367	26142	260	-0.499	1.153	44	0
667076	42	640.342	0	14	20408	-1	0	20056	21112	20408	11175	611.5	52	777961	0	18.275	49.9	1225	712076	20404	40	-0.0309	0.2961	10	0
667076	43	640.342	0	14	26392	-1	0	25996	26876	26392	104216	1716	98	1.1443E+07	0	60.72	474	1406	1.1574E+07	26381	47	-0.007595	0.2882	12	0
667076	44	640.869	0	15	23225	-1	0	22851	23687	23225	10836	430.9	93	1.0663E+06	0	25.149	87.7	1413	1.092E+06	23235	42	0.005106	0.3051	10	0
667076	45	640.869	0	15	21509	-1	0	21113	22015	21509	14802	746.6	67	1.1811E+06	0	19.825	80.8	1256	1.1674E+06	21501	40.1	-0.0168	0.3094	10	0
667076	46	640.869	0	15	23225	-1	0	22851	23731	23225	68908	3205	80	6.003E+06	0	21.503	188	1314	6.2763E+06	23234	41.7	0.01579	0.3056	10	0
667076	47	675.345	0	16	23314	-1	0	22918	23798	23314	43317	2316	79	3.615E+06	0	18.705	87.4	1315	3.6369E+06	23304	43.1	-0.01259	0.2875	10	0
667076	48	675.345	0	16	22302	-1	0	21950	22808	22302	17833	527.1	65	1.3694E+06	0	33.83	89.2	1281	1.3763E+06	22301	41.9	0.01944	0.2956	11	0
667076	49	675.345	0	16	23292	-1	0	22786	23798	23292	31485	1014	92	3.3181E+06	0	31.048	148	1316	3.3886E+06	23298	43.9	-0.02687	0.2852	11	0
667076	50	686.368	0	17	34337	-1	0	33787	34689	34337	17260	240	136	2.6435E+06	0	71.919	232	1647	2.5213E+06	34342	53.8	-0.05623	0.2644	13	0
667076	51	686.368	0	17	34337	-1	0	33919	35085	34337	6490.9	216.1	148	1.0511E+06	0	30.043	95	1649	1.0175E+06	34343	57.6	0.04866	0.2586	14	0
667076	52	686.368	0	17	34337	-1	0	33941	34865	34337	16777	1009	137	2.5012E+06	0	16.635	108	1649	2.4854E+06	34344	54.2	-0.01602	0.2575	13	0
667076	53	734.869	0	18	28464	-1	0	28134	28948	28464	2334	99.63	122	360845	0	23.428	61	1466	324272	28459	53.6	0.1289	0.2575	13	0
667076	54	734.869	0	18	27870	-1	0	27100	28508	27870	1535.9	233	209	238197	0	6.5921	23.3	1449	209039	27890	84.5	-0.09041	0.2209	20	0
667076	55	734.869	0	18	27782	-1	0	27364	28200	27782	589.8	172.9	306	110297	0	3.4103	12.8	1449	106009	27869	102	0.02863	0.292	21	0
667076	56	773.417	0	19	21227	-1	0	20875	21601	21227	12593	284.5	68	1.1443E+06	0	44.263	127	1251	1.0856E+06	21228	43.7	-0.04202	0.3038	11	0
667076	57	773.417	0	19	24241	-1	0	23933	24615	24241	2165.9	509.4	89	198003	0	4.2521	17.4	1345	199705	24245	42.9	-0.02175	0.3013	11	0
667076	58	773.417	0	19	24241	-1	0	23867	24725	24241	2105.6	549.4	97	229068	0	3.8323	16.2	1344	235016	24235	43.3	0.0412	0.2936	11	0
667076	59	774.445	0	20	39224	-1	0	38696	39598	39224	1140.6	124.6	124	168882	0	9.1533	46.6	1791	163342	39223	53	-0.06032	0.2816	13	0
667076	60	774.445	0	20	39224	-1	0	38828	39576	39224	3673.8	284.9	138	561174	0	12.895	59.3	1797	539695	39226	54.4	-0.1042	0.2776	13	0
667076	61	774.445	0	20	39224	-1	0	38718	39598	39224	6157.7	559.6	113	817130	0	11.004	61.6	1797	789514	39227	56.3	-0.08543	0.2602	13	0
667076	62	783.368	0	21	25959	-1	0	25563	26443	25959	62652	1331	109	7.8052E+06	0	47.086	310	1396	7.8992E+06	25950	48	0.01458	0.2765	12	0
667076	63	783.368	0	21	21977	-1	0	21669	22285	21977	3116.3	582.8	45	167839	0	5.3475	16.9	1276	179592	21983	40.1	0.03625	0.3093	10	0
667076	64	783.368	0	21	21977	-1	0	21669	22307	21977	2199	1134	58	159367	0	1.9385	7.13	1277	165353	21984	40.2	0.01751	0.3113	10	0
667076	65	849.428	0	22	27390	-1	0	26884	27896	27390	20496	1526	84	1.8586E+06	0	13.434	75.2	1439	1.895E+06	27385	43.8	0.01973	0.2958	11	0
667076	66	849.428	0	22	27390	-1	0	26906	27896	27390	6721	1445	77	557314	0	4.652	24.1	1441	567953	27387	45.7	0.03388	0.2853	11	0
667076	67	849.428	0	22	27390	-1	0	27016	27874	27390	7730	2904	64	584613	0	2.662	22.8	2762	604573	27388	43.7	0.01203	0.2994	11	0
