Dataset	ScanNumber	ScanTime	ScanType	TotalIonIntensity	BasePeakIntensity	BasePeakMZ	BasePeakSignalToNoiseRatio	IonCount	IonCountRaw	ScanTypeName
667076	5000	4.9301	2	22.152	20.224	607.377	20.22	3	3	CID-SRM
667076	5001	4.9311	2	2.8881	0.96872	556.3409	0.9687	3	3	CID-SRM
667076	5002	4.9320	2	3.6642	1.0437	723.882	1.044	4	4	CID-SRM
667076	5003	4.9333	2	2.7765	0.93311	631.3259	0.9331	3	3	CID-SRM
667076	5004	4.9342	2	2.7688	0.95213	824.486	0.9521	3	3	CID-SRM
667076	5005	4.9352	2	3.4594	1.6192	972.4819	1.619	3	3	CID-SRM
667076	5006	4.9361	2	139.81	137.97	510.784	138	3	3	CID-SRM
667076	5007	4.9371	2	2.8092	0.9486	777.4349	0.9486	3	3	CID-SRM
667076	5008	4.9380	2	2.8271	0.97445	510.266	0.9745	3	3	CID-SRM
667076	5009	4.9389	2	2.7268	0.91244	951.572	0.9124	3	3	CID-SRM
667076	5010	4.9399	2	3.0211	1.0337	519.338	1.032	3	3	CID-SRM
667076	5011	4.9408	2	2.8109	0.98329	1072.566	0.9833	3	3	CID-SRM
667076	5012	4.9418	2	2.9529	1.0112	345.14	1.011	3	3	CID-SRM
667076	5013	4.9427	2	2.8426	0.97834	426.27	0.9783	3	3	CID-SRM
667076	5014	4.9437	2	2.8416	0.97927	980.564	0.9793	3	3	CID-SRM
667076	5015	4.9446	2	2.8225	1.0027	1219.5291	1.003	3	3	CID-SRM
667076	5016	4.9456	2	2.7832	0.92965	1341.679	0.9296	3	3	CID-SRM
667076	5017	4.9468	2	212.45	109.29	542.3319	109.3	3	3	CID-SRM
667076	5018	4.9477	2	4.1313	2.2514	510.266	2.251	3	3	CID-SRM
667076	5019	4.9486	2	2.812	0.95871	265.118	0.9587	3	3	CID-SRM
667076	5020	4.9495	2	17.017	15.218	502.312	15.22	3	3	CID-SRM
667076	5021	4.9505	2	3.6499	0.94342	685.391	0.9434	4	4	CID-SRM
667076	5022	4.9517	2	2.8925	0.98065	409.261	0.9806	3	3	CID-SRM
667076	5023	4.9527	2	2.8085	0.94099	766.478	0.941	3	3	CID-SRM
667076	5024	4.9536	2	3.698	0.95903	723.882	0.959	4	4	CID-SRM
667076	5025	4.9549	2	2.7822	0.95658	429.248	0.9566	3	3	CID-SRM
667076	5026	4.9558	2	2.7186	0.91111	759.401	0.9111	3	3	CID-SRM
667076	5027	4.9568	2	7.215	5.3932	873.413	5.393	3	3	CID-SRM
667076	5028	4.9577	2	2.7779	0.94519	696.382	0.9452	3	3	CID-SRM
667076	5029	4.9587	2	2.693	0.91676	777.4349	0.9168	3	3	CID-SRM
667076	5030	4.9596	2	2.7455	0.9416	1019.525	0.9416	3	3	CID-SRM
667076	5031	4.9605	2	2.7989	0.96532	951.572	0.9653	3	3	CID-SRM
667076	5032	4.9615	2	2.7576	0.92384	763.459	0.9238	3	3	CID-SRM
667076	5033	4.9624	2	2.8058	0.9789	1072.566	0.9789	3	3	CID-SRM
667076	5034	4.9634	2	2.8838	1.0015	1239.625	1.002	3	3	CID-SRM
667076	5035	4.9643	2	2.862	1.0059	1034.525	1.006	3	3	CID-SRM
667076	5036	4.9653	2	2.8435	0.99177	1030.098	0.9918	3	3	CID-SRM
667076	5037	4.9662	2	2.8603	0.95982	1219.5291	0.9598	3	3	CID-SRM
667076	5038	4.9672	2	2.9589	1.0324	1131.542	1.032	3	3	CID-SRM
667076	5039	4.9684	2	163.87	162.06	263.661	162.1	3	3	CID-SRM
667076	5040	4.9693	2	2.8107	0.94283	724.397	0.9428	3	3	CID-SRM
667076	5041	4.9703	2	2.8549	1.0067	511.323	1.007	3	3	CID-SRM
667076	5042	4.9712	2	2.8214	0.94918	615.396	0.9492	3	3	CID-SRM
667076	5043	4.9721	2	83.207	80.436	441.26	80.44	4	4	CID-SRM
667076	5044	4.9734	2	2.9178	1.0163	506.33	1.016	3	3	CID-SRM
667076	5045	4.9743	2	3.5115	1.4541	383.743	1.413	3	3	CID-SRM
667076	5046	4.9753	2	3.935	1.0125	897.4659	1.012	4	4	CID-SRM
667076	5047	4.9765	2	2.9761	1.0024	631.3259	1.002	3	3	CID-SRM
667076	5048	4.9775	2	2.9702	0.99553	824.486	0.9955	3	3	CID-SRM
667076	5049	4.9784	2	6.824	4.9367	213.16	4.937	3	3	CID-SRM
667076	5050	4.9794	2	16.88	14.735	510.784	13.73	3	3	CID-SRM
667076	5051	4.9803	2	2.9049	0.97214	989.588	0.9721	3	3	CID-SRM
667076	5052	4.9812	2	2.9138	0.98257	724.397	0.9826	3	3	CID-SRM
667076	5053	4.9822	2	2.7836	0.935	540.8109	0.935	3	3	CID-SRM
667076	5054	4.9831	2	2.8246	0.97365	519.338	0.9736	3	3	CID-SRM
667076	5055	4.9841	2	2.7603	0.96266	1072.566	0.9627	3	3	CID-SRM
667076	5056	4.9850	2	2.7829	0.95109	1239.625	0.9511	3	3	CID-SRM
667076	5057	4.9860	2	2.7812	0.95844	1034.525	0.9584	3	3	CID-SRM
667076	5058	4.9869	2	2.7368	0.93593	1030.098	0.9359	3	3	CID-SRM
667076	5059	4.9879	2	2.7829	0.94787	860.432	0.9479	3	3	CID-SRM
667076	5060	4.9888	2	2.8921	0.98134	671.343	0.9813	3	3	CID-SRM
667076	5061	4.9900	2	177.59	175.77	263.661	175.8	3	3	CID-SRM
667076	5062	4.9910	2	2.8145	0.9505	510.266	0.9505	3	3	CID-SRM
667076	5063	4.9919	2	3.7732	1.8835	511.323	1.884	3	3	CID-SRM
667076	5064	4.9928	2	2.8098	0.95105	615.396	0.9511	3	3	CID-SRM
667076	5065	4.9937	2	7.0803	4.3018	441.26	4.302	4	4	CID-SRM
667076	5066	4.9950	2	2.735	0.92519	409.261	0.9252	3	3	CID-SRM
667076	5067	4.9959	2	2.7294	0.9181	766.478	0.9181	3	3	CID-SRM
667076	5068	4.9969	2	3.6764	0.94477	667.34	0.9448	4	4	CID-SRM
667076	5069	4.9982	2	2.8004	0.9568	429.248	0.9568	3	3	CID-SRM
667076	5070	4.9991	2	2.7106	0.91657	824.486	0.9166	3	3	CID-SRM
667076	5071	5.0000	2	3.1331	1.265	873.413	1.265	3	3	CID-SRM
667076	5072	5.0010	2	3.6655	1.8491	510.784	1.849	3	3	CID-SRM
667076	5073	5.0019	2	2.7647	0.94582	989.588	0.9458	3	3	CID-SRM
667076	5074	5.0029	2	14.626	12.809	510.266	12.81	3	3	CID-SRM
667076	5075	5.0038	2	2.7574	0.93475	540.8109	0.9347	3	3	CID-SRM
667076	5076	5.0047	2	2.8034	0.97421	763.459	0.9742	3	3	CID-SRM
667076	5077	5.0057	2	2.7877	0.94402	1072.566	0.944	3	3	CID-SRM
667076	5078	5.0066	2	2.8724	0.99913	345.14	0.9991	3	3	CID-SRM
667076	5079	5.0076	2	2.8746	0.98612	897.4659	0.9861	3	3	CID-SRM
667076	5080	5.0085	2	2.8241	0.96641	1030.098	0.9664	3	3	CID-SRM
667076	5081	5.0095	2	2.78	0.96246	1219.5291	0.9625	3	3	CID-SRM
667076	5082	5.0104	2	2.779	0.97746	1131.542	0.9775	3	3	CID-SRM
667076	5083	5.0117	2	103.92	102.32	263.661	102.3	3	3	CID-SRM
667076	5084	5.0126	2	2.8076	0.95363	510.266	0.9536	3	3	CID-SRM
667076	5085	5.0135	2	2.7626	0.92967	624.407	0.9297	3	3	CID-SRM
667076	5086	5.0144	2	6.6381	3.5007	615.396	2.17	3	3	CID-SRM
667076	5087	5.0153	2	3.6471	0.92759	685.391	0.9276	4	4	CID-SRM
667076	5088	5.0166	2	2.7849	0.94996	607.377	0.95	3	3	CID-SRM
667076	5089	5.0176	2	2.7099	0.90807	556.3409	0.9081	3	3	CID-SRM
667076	5090	5.0185	2	32.871	30.047	723.882	30.05	4	4	CID-SRM
667076	5091	5.0198	2	2.769	0.93218	631.3259	0.9322	3	3	CID-SRM
667076	5092	5.0207	2	2.8433	0.96392	824.486	0.9639	3	3	CID-SRM
667076	5093	5.0217	2	65.485	63.689	873.413	63.69	3	3	CID-SRM
667076	5094	5.0226	2	12.388	10.539	696.382	10.54	3	3	CID-SRM
667076	5095	5.0236	2	2.7957	0.94381	989.588	0.9438	3	3	CID-SRM
667076	5096	5.0245	2	2.71	0.91799	510.266	0.918	3	3	CID-SRM
667076	5097	5.0254	2	6.5176	4.487	540.8109	4.394	3	3	CID-SRM
667076	5098	5.0264	2	2.8161	0.9587	519.338	0.9587	3	3	CID-SRM
667076	5099	5.0273	2	2.8494	1.0074	1072.566	1.007	3	3	CID-SRM
667076	5100	5.0283	2	2.9557	1.031	881.512	1.031	3	3	CID-SRM
667076	5101	5.0292	2	3.0429	1.0239	1034.525	1.024	3	3	CID-SRM
667076	5102	5.0302	2	2.92	0.99821	794.98	0.9982	3	3	CID-SRM
667076	5103	5.0311	2	2.9173	0.98767	860.432	0.9877	3	3	CID-SRM
667076	5104	5.0321	2	2.8892	0.96792	671.343	0.9679	3	3	CID-SRM
667076	5105	5.0335	2	29.693	19.597	542.3319	3.882	3	3	CID-SRM
667076	5106	5.0344	2	2.653	0.92631	510.266	0.9263	3	3	CID-SRM
667076	5107	5.0353	2	9.713	5.594	265.118	2.658	3	3	CID-SRM
667076	5108	5.0362	2	2.9418	1.0169	728.48	1.017	3	3	CID-SRM
667076	5109	5.0372	2	3.8037	1.0079	441.26	1.008	4	4	CID-SRM
667076	5110	5.0384	2	2.8184	0.96673	409.261	0.9667	3	3	CID-SRM
667076	5111	5.0394	2	4.8417	3.0055	556.3409	3.005	3	3	CID-SRM
667076	5112	5.0403	2	3.6617	0.93979	897.4659	0.9398	4	4	CID-SRM
667076	5113	5.0416	2	2.7713	0.94269	560.2889	0.9427	3	3	CID-SRM
667076	5114	5.0425	2	2.8556	0.97834	824.486	0.9783	3	3	CID-SRM
667076	5115	5.0435	2	3.0775	1.0469	213.16	1.031	3	3	CID-SRM
667076	5116	5.0444	2	2.9044	1.0246	696.382	1.025	3	3	CID-SRM
667076	5117	5.0454	2	2.9206	1.0047	989.588	1.005	3	3	CID-SRM
667076	5118	5.0463	2	2.9732	1.0055	510.266	1.006	3	3	CID-SRM
667076	5119	5.0472	2	3.1292	1.1367	951.572	1.125	3	3	CID-SRM
667076	5120	5.0482	2	7.3385	5.4642	519.338	5.464	3	3	CID-SRM
667076	5121	5.0491	2	2.8322	0.96341	785.454	0.9634	3	3	CID-SRM
667076	5122	5.0501	2	3.0292	1.028	345.14	1.028	3	3	CID-SRM
667076	5123	5.0510	2	2.8997	0.97995	1034.525	0.9799	3	3	CID-SRM
667076	5124	5.0520	2	2.7824	0.96832	1030.098	0.9683	3	3	CID-SRM
667076	5125	5.0529	2	2.8075	0.95315	1219.5291	0.9531	3	3	CID-SRM
667076	5126	5.0539	2	2.853	0.97108	1131.542	0.9711	3	3	CID-SRM
667076	5127	5.0551	2	41.288	39.573	263.661	39.57	3	3	CID-SRM
667076	5128	5.0561	2	2.7864	0.93921	724.397	0.9392	3	3	CID-SRM
667076	5129	5.0570	2	2.7427	0.934	265.118	0.934	3	3	CID-SRM
667076	5130	5.0579	2	2.7467	0.95496	502.312	0.955	3	3	CID-SRM
667076	5131	5.0588	2	3.6902	0.94809	685.391	0.9481	4	4	CID-SRM
667076	5132	5.0601	2	2.8984	1.0269	506.33	1.027	3	3	CID-SRM
667076	5133	5.0610	2	2.8096	0.9632	383.743	0.9632	3	3	CID-SRM
667076	5134	5.0620	2	3.6794	0.95987	723.882	0.9599	4	4	CID-SRM
667076	5135	5.0633	2	2.7068	0.92833	429.248	0.9283	3	3	CID-SRM
667076	5136	5.0642	2	2.7583	0.93405	824.486	0.934	3	3	CID-SRM
667076	5137	5.0651	2	2.7893	0.95273	213.16	0.9527	3	3	CID-SRM
667076	5138	5.0661	2	2.9346	1.1668	510.784	1.167	3	3	CID-SRM
667076	5139	5.0670	2	2.7945	0.94157	989.588	0.9416	3	3	CID-SRM
667076	5140	5.0680	2	3.0176	1.0295	724.397	1.03	3	3	CID-SRM
667076	5141	5.0689	2	2.8501	0.95618	540.8109	0.9562	3	3	CID-SRM
667076	5142	5.0698	2	2.8199	0.99262	252.18	0.9926	3	3	CID-SRM
667076	5143	5.0708	2	2.7926	0.97175	1072.566	0.9718	3	3	CID-SRM
667076	5144	5.0717	2	2.8328	0.94978	1239.625	0.9498	3	3	CID-SRM
667076	5145	5.0727	2	2.8444	0.96861	1034.525	0.9686	3	3	CID-SRM
667076	5146	5.0736	2	2.7997	0.95766	1030.098	0.9577	3	3	CID-SRM
667076	5147	5.0746	2	2.7914	0.94811	429.248	0.9481	3	3	CID-SRM
667076	5148	5.0755	2	2.8282	0.98353	1341.679	0.9835	3	3	CID-SRM
667076	5149	5.0770	2	277.24	199.54	263.661	5.132	3	3	CID-SRM
667076	5150	5.0779	2	2.5725	0.90805	724.397	0.9081	3	3	CID-SRM
667076	5151	5.0788	2	2.7712	0.92481	624.407	0.9248	3	3	CID-SRM
667076	5152	5.0798	2	2.7753	0.94619	615.396	0.9462	3	3	CID-SRM
667076	5153	5.0807	2	3.6923	0.93911	685.391	0.9391	4	4	CID-SRM
667076	5154	5.0820	2	28.944	26.998	409.261	27	3	3	CID-SRM
667076	5155	5.0829	2	2.7821	0.95955	556.3409	0.9596	3	3	CID-SRM
667076	5156	5.0839	2	3.685	0.9344	667.34	0.9344	4	4	CID-SRM
667076	5157	5.0851	2	2.8923	1.0233	429.248	1.023	3	3	CID-SRM
667076	5158	5.0860	2	2.8304	0.95297	694.88	0.953	3	3	CID-SRM
667076	5159	5.0870	2	6.1158	4.2384	213.16	4.238	3	3	CID-SRM
667076	5160	5.0880	2	37.032	35.172	510.784	35.17	3	3	CID-SRM
667076	5161	5.0889	2	2.7185	0.92002	989.588	0.92	3	3	CID-SRM
667076	5162	5.0898	2	2.7154	0.91786	510.266	0.9179	3	3	CID-SRM
667076	5163	5.0907	2	2.8006	0.94304	951.572	0.943	3	3	CID-SRM
667076	5164	5.0917	2	2.8245	0.99168	763.459	0.9917	3	3	CID-SRM
667076	5165	5.0927	2	2.8771	1.0043	1072.566	1.004	3	3	CID-SRM
667076	5166	5.0936	2	2.7793	0.93455	1239.625	0.9346	3	3	CID-SRM
667076	5167	5.0946	2	2.9112	0.99667	1034.525	0.9967	3	3	CID-SRM
667076	5168	5.0955	2	2.7975	0.97953	1030.098	0.9795	3	3	CID-SRM
667076	5169	5.0965	2	2.7839	0.9561	1219.5291	0.9561	3	3	CID-SRM
667076	5170	5.0974	2	2.94	1.0118	1131.542	1.012	3	3	CID-SRM
667076	5171	5.0986	2	191.13	189.3	263.661	189.3	3	3	CID-SRM
667076	5172	5.0995	2	2.7901	0.94437	510.266	0.9444	3	3	CID-SRM
667076	5173	5.1005	2	2.9622	1.0444	265.118	1.044	3	3	CID-SRM
667076	5174	5.1014	2	2.7961	0.96244	502.312	0.9624	3	3	CID-SRM
667076	5175	5.1023	2	3.702	0.95638	881.512	0.9564	4	4	CID-SRM
667076	5176	5.1036	2	2.7777	0.92908	506.33	0.9291	3	3	CID-SRM
667076	5177	5.1045	2	2.8915	1.0005	766.478	1	3	3	CID-SRM
667076	5178	5.1055	2	3.7932	0.98332	897.4659	0.9833	4	4	CID-SRM
667076	5179	5.1067	2	2.9512	1.0133	631.3259	1.013	3	3	CID-SRM
667076	5180	5.1077	2	2.7966	0.94198	824.486	0.942	3	3	CID-SRM
667076	5181	5.1086	2	2.9645	0.99201	873.413	0.992	3	3	CID-SRM
667076	5182	5.1096	2	3.257	1.1674	696.382	1.167	3	3	CID-SRM
667076	5183	5.1105	2	3.1556	1.0776	777.4349	1.057	3	3	CID-SRM
667076	5184	5.1114	2	3.15	1.098	724.397	1.098	3	3	CID-SRM
667076	5185	5.1124	2	2.9936	1.0088	951.572	1.009	3	3	CID-SRM
667076	5186	5.1133	2	2.8037	0.96311	252.18	0.9631	3	3	CID-SRM
667076	5187	5.1143	2	2.8363	0.96787	1072.566	0.9679	3	3	CID-SRM
667076	5188	5.1152	2	2.8767	0.9843	1239.625	0.9843	3	3	CID-SRM
667076	5189	5.1162	2	2.9018	0.99659	426.27	0.9966	3	3	CID-SRM
667076	5190	5.1171	2	2.9099	1.0035	1030.098	1.004	3	3	CID-SRM
667076	5191	5.1181	2	3.7202	1.8455	429.248	1.846	3	3	CID-SRM
667076	5192	5.1190	2	2.8804	0.97356	1131.542	0.9736	3	3	CID-SRM
667076	5193	5.1205	2	10.573	8.2444	263.661	7.081	3	3	CID-SRM
667076	5194	5.1214	2	2.8515	0.98719	510.266	0.9872	3	3	CID-SRM
667076	5195	5.1223	2	117.42	115.55	265.118	115.6	3	3	CID-SRM
667076	5196	5.1232	2	2.9228	0.98692	502.312	0.9869	3	3	CID-SRM
667076	5197	5.1242	2	3.8963	0.98511	441.26	0.9851	4	4	CID-SRM
667076	5198	5.1254	2	2.8396	0.96505	409.261	0.965	3	3	CID-SRM
667076	5199	5.1264	2	2.9113	0.99635	383.743	0.9964	3	3	CID-SRM
667076	5200	5.1273	2	3.9414	1.0149	667.34	1.015	4	4	CID-SRM
667076	5201	5.1286	2	8.7094	6.8196	429.248	6.82	3	3	CID-SRM
667076	5202	5.1295	2	2.8658	0.96716	694.88	0.9672	3	3	CID-SRM
667076	5203	5.1305	2	6.9018	5.0078	213.16	5.008	3	3	CID-SRM
667076	5204	5.1314	2	2.7965	0.95417	510.784	0.9542	3	3	CID-SRM
667076	5205	5.1324	2	2.9478	1.0022	989.588	1.002	3	3	CID-SRM
667076	5206	5.1333	2	2.7777	0.9524	510.266	0.9524	3	3	CID-SRM
667076	5207	5.1342	2	2.7531	0.94306	540.8109	0.9431	3	3	CID-SRM
667076	5208	5.1352	2	2.7151	0.945	252.18	0.945	3	3	CID-SRM
667076	5209	5.1361	2	2.8039	0.96683	1072.566	0.9668	3	3	CID-SRM
667076	5210	5.1371	2	2.8306	0.96543	1239.625	0.9654	3	3	CID-SRM
667076	5211	5.1380	2	2.8723	1.0178	1034.525	1.018	3	3	CID-SRM
667076	5212	5.1390	2	3.0314	1.0652	1030.098	1.065	3	3	CID-SRM
667076	5213	5.1399	2	2.9602	0.99928	860.432	0.9993	3	3	CID-SRM
667076	5214	5.1409	2	2.9876	1.0139	1131.542	1.014	3	3	CID-SRM
667076	5215	5.1421	2	121.71	118.88	263.661	82.43	3	3	CID-SRM
667076	5216	5.1430	2	2.8177	0.95474	583.7999	0.9547	3	3	CID-SRM
667076	5217	5.1439	2	2.7182	0.93816	624.407	0.9382	3	3	CID-SRM
667076	5218	5.1449	2	2.7957	0.96138	502.312	0.9614	3	3	CID-SRM
667076	5219	5.1458	2	5.0407	2.2446	441.26	2.245	4	4	CID-SRM
667076	5220	5.1471	2	2.8367	1.0014	409.261	1.001	3	3	CID-SRM
667076	5221	5.1480	2	12.335	10.477	383.743	10.48	3	3	CID-SRM
667076	5222	5.1490	2	5.2913	2.4368	784.382	2.437	4	4	CID-SRM
667076	5223	5.1502	2	2.7359	0.91989	560.2889	0.9199	3	3	CID-SRM
667076	5224	5.1511	2	2.7082	0.9274	759.401	0.9274	3	3	CID-SRM
667076	5225	5.1521	2	2.726	0.9173	972.4819	0.9173	3	3	CID-SRM
667076	5226	5.1530	2	2.8313	0.95351	510.784	0.9535	3	3	CID-SRM
667076	5227	5.1540	2	2.7988	0.96786	989.588	0.9679	3	3	CID-SRM
667076	5228	5.1549	2	2.8396	0.97185	724.397	0.9718	3	3	CID-SRM
667076	5229	5.1558	2	4.6216	2.6536	540.8109	2.626	3	3	CID-SRM
667076	5230	5.1568	2	2.7624	0.93747	252.18	0.9375	3	3	CID-SRM
667076	5231	5.1577	2	2.789	0.98604	1072.566	0.986	3	3	CID-SRM
667076	5232	5.1587	2	2.8952	0.99053	1239.625	0.9905	3	3	CID-SRM
667076	5233	5.1596	2	2.8543	0.9723	426.27	0.9723	3	3	CID-SRM
667076	5234	5.1606	2	2.806	0.98214	794.98	0.9821	3	3	CID-SRM
667076	5235	5.1616	2	2.7556	0.94053	860.432	0.9405	3	3	CID-SRM
667076	5236	5.1625	2	2.8632	0.97342	1341.679	0.9734	3	3	CID-SRM
667076	5237	5.1639	2	472.02	470.28	263.661	470.3	3	3	CID-SRM
667076	5238	5.1649	2	2.8239	0.96103	510.266	0.961	3	3	CID-SRM
667076	5239	5.1658	2	94.288	92.358	624.407	92.36	3	3	CID-SRM
667076	5240	5.1667	2	3.1048	1.0474	615.396	1.025	3	3	CID-SRM
667076	5241	5.1676	2	4.0105	1.0644	685.391	1.064	4	4	CID-SRM
667076	5242	5.1689	2	2.867	0.99996	506.33	1	3	3	CID-SRM
667076	5243	5.1699	2	11.177	9.2635	383.743	9.263	3	3	CID-SRM
667076	5244	5.1708	2	3.7245	0.95082	784.382	0.9508	4	4	CID-SRM
667076	5245	5.1721	2	4.6533	2.7988	429.248	2.799	3	3	CID-SRM
667076	5246	5.1730	2	2.8968	0.98665	759.401	0.9867	3	3	CID-SRM
667076	5247	5.1740	2	3.1808	1.1108	873.413	1.073	3	3	CID-SRM
667076	5248	5.1749	2	6.6533	4.7379	510.784	4.738	3	3	CID-SRM
667076	5249	5.1759	2	2.87	1.0084	890.5189	1.008	3	3	CID-SRM
667076	5250	5.1768	2	3.0221	1.019	1019.525	1.019	3	3	CID-SRM
667076	5251	5.1777	2	2.8988	1.028	540.8109	1.028	3	3	CID-SRM
667076	5252	5.1787	2	2.827	0.95067	252.18	0.9507	3	3	CID-SRM
667076	5253	5.1796	2	2.8376	0.9732	1072.566	0.9732	3	3	CID-SRM
667076	5254	5.1806	2	2.8862	0.98683	1239.625	0.9868	3	3	CID-SRM
667076	5255	5.1815	2	3.0822	1.0583	897.4659	1.058	3	3	CID-SRM
667076	5256	5.1825	2	2.9814	1.032	980.564	1.026	3	3	CID-SRM
667076	5257	5.1834	2	2.9343	1.0057	429.248	1.006	3	3	CID-SRM
667076	5258	5.1844	2	3.0366	1.0563	1131.542	1.046	3	3	CID-SRM
667076	5259	5.1856	2	352.05	270.26	263.661	6.602	3	3	CID-SRM
667076	5260	5.1865	2	19.047	16.872	510.266	15.52	3	3	CID-SRM
667076	5261	5.1874	2	5.0361	2.9518	265.118	2.832	3	3	CID-SRM
667076	5262	5.1883	2	7.9623	6.0541	615.396	6.054	3	3	CID-SRM
667076	5263	5.1893	2	3.8607	0.9961	685.391	0.9961	4	4	CID-SRM
667076	5264	5.1905	2	3.8704	2.1588	607.377	2.159	3	3	CID-SRM
667076	5265	5.1915	2	3.2899	1.149	556.3409	1.145	3	3	CID-SRM
667076	5266	5.1924	2	3.869	0.99576	784.382	0.9958	4	4	CID-SRM
667076	5267	5.1937	2	2.8467	0.98302	631.3259	0.983	3	3	CID-SRM
667076	5268	5.1946	2	2.7467	0.93079	694.88	0.9308	3	3	CID-SRM
667076	5269	5.1956	2	2.8074	0.95461	972.4819	0.9546	3	3	CID-SRM
667076	5270	5.1965	2	4.2998	2.3455	510.784	2.345	3	3	CID-SRM
667076	5271	5.1975	2	2.8395	0.9529	777.4349	0.9529	3	3	CID-SRM
667076	5272	5.1984	2	2.8491	0.95859	510.266	0.9586	3	3	CID-SRM
667076	5273	5.1993	2	3.0198	1.0728	854.5189	1.073	3	3	CID-SRM
667076	5274	5.2003	2	2.9448	1.0131	519.338	1.013	3	3	CID-SRM
667076	5275	5.2012	2	2.9411	1.0085	1072.566	1.008	3	3	CID-SRM
667076	5276	5.2022	2	2.9419	1.0149	345.14	1.015	3	3	CID-SRM
667076	5277	5.2031	2	2.8179	0.95077	426.27	0.9508	3	3	CID-SRM
667076	5278	5.2041	2	2.7966	0.95853	1030.098	0.9585	3	3	CID-SRM
667076	5279	5.2050	2	2.7868	0.9879	1219.5291	0.9879	3	3	CID-SRM
667076	5280	5.2060	2	2.8223	0.9718	1341.679	0.9718	3	3	CID-SRM
667076	5281	5.2072	2	4.4471	2.169	542.3319	1.812	3	3	CID-SRM
667076	5282	5.2081	2	2.8437	0.95859	583.7999	0.9586	3	3	CID-SRM
667076	5283	5.2090	2	3.759	1.8961	265.118	1.896	3	3	CID-SRM
667076	5284	5.2100	2	2.714	0.91778	502.312	0.9178	3	3	CID-SRM
667076	5285	5.2109	2	3.7082	0.94247	441.26	0.9425	4	4	CID-SRM
667076	5286	5.2121	2	2.8025	0.95076	607.377	0.9508	3	3	CID-SRM
667076	5287	5.2131	2	3.1281	1.0656	766.478	1.047	3	3	CID-SRM
667076	5288	5.2141	2	4.2709	1.1167	667.34	1.086	4	4	CID-SRM
667076	5289	5.2153	2	35.58	33.535	429.248	32.8	3	3	CID-SRM
667076	5290	5.2162	2	2.984	1.0528	759.401	1.053	3	3	CID-SRM
667076	5291	5.2172	2	2.8118	1.0024	972.4819	1.002	3	3	CID-SRM
667076	5292	5.2181	2	2.9107	1.0028	510.784	1.003	3	3	CID-SRM
667076	5293	5.2191	2	2.8615	0.97131	777.4349	0.9713	3	3	CID-SRM
667076	5294	5.2200	2	2.8834	0.97439	724.397	0.9744	3	3	CID-SRM
667076	5295	5.2209	2	2.8527	0.97779	540.8109	0.9778	3	3	CID-SRM
667076	5296	5.2219	2	28.016	26.155	519.338	26.16	3	3	CID-SRM
667076	5297	5.2228	2	2.7568	0.95594	1072.566	0.9559	3	3	CID-SRM
667076	5298	5.2238	2	2.9301	0.99826	1239.625	0.9983	3	3	CID-SRM
667076	5299	5.2247	2	2.8493	0.97377	426.27	0.9738	3	3	CID-SRM
667076	5300	5.2257	2	2.8766	1.0041	1030.098	1.004	3	3	CID-SRM
667076	5301	5.2266	2	2.8236	0.97096	860.432	0.971	3	3	CID-SRM
667076	5302	5.2276	2	2.8791	0.97513	1341.679	0.9751	3	3	CID-SRM
667076	5303	5.2288	2	3.1945	1.3476	263.661	1.348	3	3	CID-SRM
667076	5304	5.2297	2	2.8283	0.96952	724.397	0.9695	3	3	CID-SRM
667076	5305	5.2307	2	2.8102	0.95059	265.118	0.9506	3	3	CID-SRM
667076	5306	5.2316	2	2.7879	0.97595	502.312	0.976	3	3	CID-SRM
667076	5307	5.2325	2	3.8203	0.98721	685.391	0.9872	4	4	CID-SRM
667076	5308	5.2338	2	2.7958	0.94167	409.261	0.9417	3	3	CID-SRM
667076	5309	5.2347	2	93.034	91.062	383.743	91.06	3	3	CID-SRM
667076	5310	5.2357	2	3.7362	0.94522	667.34	0.9452	4	4	CID-SRM
667076	5311	5.2369	2	8.3443	6.4392	429.248	6.439	3	3	CID-SRM
667076	5312	5.2379	2	2.8347	0.96566	824.486	0.9657	3	3	CID-SRM
667076	5313	5.2388	2	2.848	0.95108	972.4819	0.9511	3	3	CID-SRM
667076	5314	5.2398	2	267.34	265.49	510.784	265.5	3	3	CID-SRM
667076	5315	5.2407	2	2.7272	0.92253	777.4349	0.9225	3	3	CID-SRM
667076	5316	5.2416	2	2.8872	0.98249	510.266	0.9825	3	3	CID-SRM
667076	5317	5.2426	2	2.7354	0.92849	540.8109	0.9285	3	3	CID-SRM
667076	5318	5.2435	2	2.743	0.94921	252.18	0.9492	3	3	CID-SRM
667076	5319	5.2445	2	2.9975	1.0679	1072.566	1.06	3	3	CID-SRM
667076	5320	5.2454	2	2.9532	1.0105	1239.625	1.01	3	3	CID-SRM
667076	5321	5.2464	2	6.7535	4.7678	426.27	4.706	3	3	CID-SRM
667076	5322	5.2473	2	2.8592	0.99101	1030.098	0.991	3	3	CID-SRM
667076	5323	5.2483	2	2.9466	1.0185	429.248	1.019	3	3	CID-SRM
667076	5324	5.2492	2	3.0722	1.0476	1341.679	1.048	3	3	CID-SRM
667076	5325	5.2504	2	2.6164	0.95659	542.3319	0.9566	3	3	CID-SRM
667076	5326	5.2514	2	3.1511	1.1814	510.266	1.153	3	3	CID-SRM
667076	5327	5.2523	2	175.89	171.65	265.118	79.55	3	3	CID-SRM
667076	5328	5.2532	2	2.7095	0.91063	502.312	0.9106	3	3	CID-SRM
667076	5329	5.2541	2	3.7272	0.93944	685.391	0.9394	4	4	CID-SRM
667076	5330	5.2554	2	2.8273	0.96	506.33	0.96	3	3	CID-SRM
667076	5331	5.2563	2	2.8607	0.96782	766.478	0.9678	3	3	CID-SRM
667076	5332	5.2573	2	3.677	0.95325	723.882	0.9533	4	4	CID-SRM
667076	5333	5.2586	2	2.9773	1.0143	560.2889	1.014	3	3	CID-SRM
667076	5334	5.2595	2	2.9247	1.011	824.486	1.011	3	3	CID-SRM
667076	5335	5.2604	2	2.9592	1.0269	972.4819	1.027	3	3	CID-SRM
667076	5336	5.2614	2	52.008	50.213	510.784	50.21	3	3	CID-SRM
667076	5337	5.2623	2	2.8652	0.97876	989.588	0.9788	3	3	CID-SRM
667076	5338	5.2633	2	2.7667	0.93931	1019.525	0.9393	3	3	CID-SRM
667076	5339	5.2642	2	2.7322	0.92922	854.5189	0.9292	3	3	CID-SRM
667076	5340	5.2651	2	2.8002	0.94754	252.18	0.9475	3	3	CID-SRM
667076	5341	5.2661	2	2.8199	1.0105	1072.566	1.01	3	3	CID-SRM
667076	5342	5.2670	2	2.9432	1.061	1239.625	1.061	3	3	CID-SRM
667076	5343	5.2680	2	2.8236	0.9908	426.27	0.9908	3	3	CID-SRM
667076	5344	5.2689	2	2.8784	0.97887	1030.098	0.9789	3	3	CID-SRM
667076	5345	5.2699	2	5.7225	3.8499	429.248	3.85	3	3	CID-SRM
667076	5346	5.2708	2	2.8218	0.98928	1341.679	0.9893	3	3	CID-SRM
667076	5347	5.2721	2	100.04	74.979	263.661	5.969	3	3	CID-SRM
667076	5348	5.2730	2	2.7878	0.96263	510.266	0.9626	3	3	CID-SRM
667076	5349	5.2739	2	11.76	9.8792	265.118	9.879	3	3	CID-SRM
667076	5350	5.2748	2	2.8587	0.97096	728.48	0.971	3	3	CID-SRM
667076	5351	5.2757	2	3.7352	0.97654	685.391	0.9765	4	4	CID-SRM
667076	5352	5.2770	2	2.8341	0.95859	607.377	0.9586	3	3	CID-SRM
667076	5353	5.2780	2	3.1396	1.0574	383.743	1.016	3	3	CID-SRM
667076	5354	5.2789	2	3.8908	1.0327	667.34	1.033	4	4	CID-SRM
667076	5355	5.2802	2	2.8888	0.97461	429.248	0.9746	3	3	CID-SRM
667076	5356	5.2811	2	2.8623	0.99785	694.88	0.9979	3	3	CID-SRM
667076	5357	5.2821	2	2.9234	0.98615	972.4819	0.9862	3	3	CID-SRM
667076	5358	5.2830	2	2.8995	1.0302	510.784	1.03	3	3	CID-SRM
667076	5359	5.2840	2	2.7834	0.94531	989.588	0.9453	3	3	CID-SRM
667076	5360	5.2849	2	3.0524	1.0693	510.266	1.069	3	3	CID-SRM
667076	5361	5.2858	2	2.869	0.97433	854.5189	0.9743	3	3	CID-SRM
667076	5362	5.2868	2	2.9443	0.98985	519.338	0.9899	3	3	CID-SRM
667076	5363	5.2877	2	2.9995	1.0417	785.454	1.042	3	3	CID-SRM
667076	5364	5.2887	2	2.8139	0.98988	1239.625	0.9899	3	3	CID-SRM
667076	5365	5.2896	2	2.6482	0.97175	1034.525	0.9717	3	3	CID-SRM
667076	5366	5.2906	2	2.9161	1.0132	980.564	1.013	3	3	CID-SRM
667076	5367	5.2915	2	2.9672	1.0421	429.248	1.034	3	3	CID-SRM
667076	5368	5.2925	2	2.883	1.0135	1131.542	1.013	3	3	CID-SRM
667076	5369	5.2937	2	529.32	527.5	263.661	527.5	3	3	CID-SRM
667076	5370	5.2946	2	2.7811	0.93973	510.266	0.9397	3	3	CID-SRM
667076	5371	5.2955	2	30.767	28.875	511.323	28.87	3	3	CID-SRM
667076	5372	5.2964	2	227.14	225.15	502.312	223.7	3	3	CID-SRM
667076	5373	5.2974	2	9.7507	6.8183	441.26	6.818	4	4	CID-SRM
667076	5374	5.2986	2	2.8113	0.95532	607.377	0.9553	3	3	CID-SRM
667076	5375	5.2996	2	3.1592	1.0677	556.3409	1.029	3	3	CID-SRM
667076	5376	5.3005	2	3.8049	0.98359	667.34	0.9836	4	4	CID-SRM
667076	5377	5.3018	2	2.9347	1.018	631.3259	1.018	3	3	CID-SRM
667076	5378	5.3027	2	3.128	1.0759	824.486	1.076	3	3	CID-SRM
667076	5379	5.3037	2	2.9593	1.0244	213.16	1.024	3	3	CID-SRM
667076	5380	5.3046	2	2.8074	0.9497	696.382	0.9497	3	3	CID-SRM
667076	5381	5.3056	2	2.9136	1.0094	989.588	1.009	3	3	CID-SRM
667076	5382	5.3065	2	3.029	1.0489	724.397	1.037	3	3	CID-SRM
667076	5383	5.3074	2	2.9189	0.98852	540.8109	0.9885	3	3	CID-SRM
667076	5384	5.3084	2	2.8627	0.98562	519.338	0.9856	3	3	CID-SRM
667076	5385	5.3093	2	2.8664	1.0256	1072.566	1.026	3	3	CID-SRM
667076	5386	5.3103	2	2.9589	1.0099	1239.625	1.01	3	3	CID-SRM
667076	5387	5.3112	2	2.9609	1.0286	1034.525	1.029	3	3	CID-SRM
667076	5388	5.3122	2	3.067	1.0463	794.98	1.036	3	3	CID-SRM
667076	5389	5.3131	2	2.9217	0.98362	429.248	0.9836	3	3	CID-SRM
667076	5390	5.3141	2	3.1737	1.1064	1131.542	1.106	3	3	CID-SRM
667076	5391	5.3155	2	434.28	362.48	263.661	10.09	3	3	CID-SRM
667076	5392	5.3165	2	2.8219	0.94145	510.266	0.9414	3	3	CID-SRM
667076	5393	5.3174	2	78.375	76.434	511.323	76.43	3	3	CID-SRM
667076	5394	5.3183	2	2.9347	0.98647	615.396	0.9865	3	3	CID-SRM
667076	5395	5.3192	2	3.9476	1.0111	441.26	1.011	4	4	CID-SRM
667076	5396	5.3205	2	2.9088	1.0593	409.261	1.059	3	3	CID-SRM
667076	5397	5.3214	2	2.8218	0.95059	383.743	0.9506	3	3	CID-SRM
667076	5398	5.3224	2	3.8127	0.96005	897.4659	0.9601	4	4	CID-SRM
667076	5399	5.3237	2	3.0462	1.0736	560.2889	1.074	3	3	CID-SRM
667076	5400	5.3246	2	2.8771	0.97842	694.88	0.9784	3	3	CID-SRM
667076	5401	5.3255	2	28.77	26.377	213.16	22.05	3	3	CID-SRM
667076	5402	5.3265	2	93.91	91.912	510.784	91.81	3	3	CID-SRM
667076	5403	5.3274	2	3.1806	1.079	777.4349	1.041	3	3	CID-SRM
667076	5404	5.3284	2	3.2048	1.0973	1019.525	1.062	3	3	CID-SRM
667076	5405	5.3293	2	3.1737	1.0954	540.8109	1.09	3	3	CID-SRM
667076	5406	5.3302	2	3.2418	1.1377	252.18	1.081	3	3	CID-SRM
667076	5407	5.3312	2	3.1958	1.0766	672.37	1.029	3	3	CID-SRM
667076	5408	5.3321	2	3.1895	1.1844	1239.625	1.18	3	3	CID-SRM
667076	5409	5.3331	2	3.2538	1.0951	426.27	1.02	3	3	CID-SRM
667076	5410	5.3340	2	2.8966	0.99668	1030.098	0.9967	3	3	CID-SRM
667076	5411	5.3350	2	2.8289	0.95773	429.248	0.9577	3	3	CID-SRM
667076	5412	5.3359	2	3.0215	1.0407	1131.542	1.041	3	3	CID-SRM
667076	5413	5.3372	2	7.1988	5.2184	599.354	4.966	3	3	CID-SRM
667076	5414	5.3381	2	2.8608	1.0082	510.266	1.008	3	3	CID-SRM
667076	5415	5.3390	2	9.0988	7.2239	624.407	7.224	3	3	CID-SRM
667076	5416	5.3399	2	2.7871	0.94033	615.396	0.9403	3	3	CID-SRM
667076	5417	5.3408	2	8.4491	5.5852	441.26	5.585	4	4	CID-SRM
667076	5418	5.3421	2	10.073	8.1803	409.261	8.18	3	3	CID-SRM
667076	5419	5.3431	2	4.5517	2.673	383.743	2.673	3	3	CID-SRM
667076	5420	5.3440	2	42.314	39.238	897.4659	38.06	4	4	CID-SRM
667076	5421	5.3453	2	3.2392	1.0914	429.248	1.016	3	3	CID-SRM
667076	5422	5.3462	2	3.0362	1.0272	694.88	1.02	3	3	CID-SRM
667076	5423	5.3472	2	3.0325	1.0383	873.413	1.038	3	3	CID-SRM
667076	5424	5.3481	2	389.4	387.34	510.784	376.4	3	3	CID-SRM
667076	5425	5.3491	2	3.1458	1.1263	890.5189	1.126	3	3	CID-SRM
667076	5426	5.3500	2	3.098	1.1033	724.397	1.102	3	3	CID-SRM
667076	5427	5.3509	2	3.0029	1.038	854.5189	1.038	3	3	CID-SRM
667076	5428	5.3519	2	2.8399	0.99071	252.18	0.9907	3	3	CID-SRM
667076	5429	5.3528	2	2.7901	0.9524	1072.566	0.9524	3	3	CID-SRM
667076	5430	5.3538	2	109.2	107.28	345.14	107.3	3	3	CID-SRM
667076	5431	5.3547	2	3.1686	1.1571	1034.525	1.148	3	3	CID-SRM
667076	5432	5.3557	2	3.0209	1.0368	1030.098	1.035	3	3	CID-SRM
667076	5433	5.3566	2	3.1259	1.0804	429.248	1.08	3	3	CID-SRM
667076	5434	5.3576	2	2.9247	1.0059	1131.542	1.006	3	3	CID-SRM
667076	5435	5.3590	2	286.73	284.77	263.661	279.4	3	3	CID-SRM
667076	5436	5.3599	2	2.8316	0.95983	724.397	0.9598	3	3	CID-SRM
667076	5437	5.3609	2	2.9856	1.0216	624.407	1.022	3	3	CID-SRM
667076	5438	5.3618	2	2.7907	0.95043	728.48	0.9504	3	3	CID-SRM
667076	5439	5.3627	2	3.9288	1.0155	586.323	1.016	4	4	CID-SRM
667076	5440	5.3640	2	2.9623	1.0378	506.33	1.038	3	3	CID-SRM
667076	5441	5.3649	2	9.5931	7.706	383.743	7.706	3	3	CID-SRM
667076	5442	5.3659	2	3.7899	1.0039	897.4659	1.004	4	4	CID-SRM
667076	5443	5.3671	2	2.7692	0.94232	560.2889	0.9423	3	3	CID-SRM
667076	5444	5.3681	2	2.8182	0.97956	824.486	0.9796	3	3	CID-SRM
667076	5445	5.3690	2	2.8924	0.98704	213.16	0.987	3	3	CID-SRM
667076	5446	5.3700	2	3.0043	1.0206	559.323	1.021	3	3	CID-SRM
667076	5447	5.3709	2	2.9547	1.0513	777.4349	1.051	3	3	CID-SRM
667076	5448	5.3718	2	2.9503	1.0139	510.266	1.014	3	3	CID-SRM
667076	5449	5.3728	2	2.9	0.97684	540.8109	0.9768	3	3	CID-SRM
667076	5450	5.3737	2	2.8592	0.97734	252.18	0.9773	3	3	CID-SRM
667076	5451	5.3747	2	2.961	1.0045	1072.566	1.005	3	3	CID-SRM
667076	5452	5.3756	2	2.8431	0.96053	881.512	0.9605	3	3	CID-SRM
667076	5453	5.3766	2	2.8634	1.0063	1034.525	1.006	3	3	CID-SRM
667076	5454	5.3775	2	2.9204	1.0097	1030.098	1.01	3	3	CID-SRM
667076	5455	5.3785	2	2.9986	1.0274	1219.5291	1.027	3	3	CID-SRM
667076	5456	5.3794	2	4.1658	2.1702	671.343	2.138	3	3	CID-SRM
667076	5457	5.3806	2	341.06	212.7	599.354	3.314	3	3	CID-SRM
667076	5458	5.3816	2	226.4	224.45	583.7999	222.8	3	3	CID-SRM
667076	5459	5.3825	2	45.269	43.418	265.118	43.42	3	3	CID-SRM
667076	5460	5.3834	2	2.8616	1.001	502.312	1.001	3	3	CID-SRM
667076	5461	5.3843	2	6.2897	3.5264	441.26	3.526	4	4	CID-SRM
667076	5462	5.3856	2	91.596	89.717	506.33	89.72	3	3	CID-SRM
667076	5463	5.3865	2	2.7348	0.93865	383.743	0.9386	3	3	CID-SRM
667076	5464	5.3875	2	6.5075	3.6386	667.34	3.639	4	4	CID-SRM
667076	5465	5.3888	2	7.7546	5.768	429.248	5.693	3	3	CID-SRM
667076	5466	5.3897	2	2.9536	1.0374	759.401	1.037	3	3	CID-SRM
667076	5467	5.3906	2	7.8957	5.834	213.16	5.66	3	3	CID-SRM
667076	5468	5.3916	2	9.0414	6.978	510.784	6.764	3	3	CID-SRM
667076	5469	5.3925	2	2.9256	0.99841	890.5189	0.9984	3	3	CID-SRM
667076	5470	5.3935	2	2.9494	1.0034	510.266	1.003	3	3	CID-SRM
667076	5471	5.3944	2	16.312	14.349	540.8109	14.28	3	3	CID-SRM
667076	5472	5.3953	2	2.9249	0.99836	519.338	0.9984	3	3	CID-SRM
667076	5473	5.3963	2	2.8771	1.0004	785.454	1	3	3	CID-SRM
667076	5474	5.3972	2	2.8229	0.9563	881.512	0.9563	3	3	CID-SRM
667076	5475	5.3982	2	2.826	0.96723	426.27	0.9672	3	3	CID-SRM
667076	5476	5.3991	2	5.2212	3.2729	794.98	3.273	3	3	CID-SRM
667076	5477	5.4001	2	2.812	0.98952	1219.5291	0.9895	3	3	CID-SRM
667076	5478	5.4010	2	2.831	0.96696	1131.542	0.967	3	3	CID-SRM
667076	5479	5.4023	2	4.3434	2.5217	263.661	2.522	3	3	CID-SRM
667076	5480	5.4032	2	11.645	9.8193	583.7999	9.819	3	3	CID-SRM
667076	5481	5.4041	2	3.7815	1.7866	265.118	1.778	3	3	CID-SRM
667076	5482	5.4050	2	2.9093	0.99249	728.48	0.9925	3	3	CID-SRM
667076	5483	5.4059	2	3.9338	1.0244	441.26	1.024	4	4	CID-SRM
667076	5484	5.4072	2	2.9293	1.0521	409.261	1.052	3	3	CID-SRM
667076	5485	5.4082	2	2.9645	1.075	766.478	1.075	3	3	CID-SRM
667076	5486	5.4091	2	3.7492	0.97713	897.4659	0.9771	4	4	CID-SRM
667076	5487	5.4104	2	2.7187	0.93223	429.248	0.9322	3	3	CID-SRM
667076	5488	5.4113	2	2.8201	0.96931	824.486	0.9693	3	3	CID-SRM
667076	5489	5.4123	2	2.8428	0.97093	213.16	0.9709	3	3	CID-SRM
667076	5490	5.4132	2	3.6959	1.8511	510.784	1.851	3	3	CID-SRM
667076	5491	5.4142	2	2.7736	0.93489	777.4349	0.9349	3	3	CID-SRM
667076	5492	5.4151	2	2.8007	0.9481	724.397	0.9481	3	3	CID-SRM
667076	5493	5.4160	2	2.7348	0.95996	540.8109	0.96	3	3	CID-SRM
667076	5494	5.4170	2	2.8013	0.99208	763.459	0.9921	3	3	CID-SRM
667076	5495	5.4179	2	2.9215	1.0051	785.454	1.005	3	3	CID-SRM
667076	5496	5.4189	2	2.925	0.98615	345.14	0.9862	3	3	CID-SRM
667076	5497	5.4198	2	2.9259	0.98571	426.27	0.9857	3	3	CID-SRM
667076	5498	5.4208	2	2.9027	0.98423	980.564	0.9842	3	3	CID-SRM
667076	5499	5.4217	2	2.7879	0.95911	1219.5291	0.9591	3	3	CID-SRM
667076	5500	5.4227	2	2.792	0.98251	1131.542	0.9825	3	3	CID-SRM
667076	5501	5.4239	2	3.3227	1.4609	263.661	1.461	3	3	CID-SRM
667076	5502	5.4248	2	2.8267	0.97533	510.266	0.9753	3	3	CID-SRM
667076	5503	5.4257	2	2.8892	0.97927	511.323	0.9793	3	3	CID-SRM
667076	5504	5.4266	2	2.8467	0.97344	502.312	0.9734	3	3	CID-SRM
667076	5505	5.4276	2	3.7107	0.96408	441.26	0.9641	4	4	CID-SRM
667076	5506	5.4288	2	2.7284	0.92628	506.33	0.9263	3	3	CID-SRM
667076	5507	5.4298	2	2.7266	0.93753	556.3409	0.9375	3	3	CID-SRM
667076	5508	5.4307	2	3.6679	0.97255	897.4659	0.9725	4	4	CID-SRM
667076	5509	5.4320	2	2.8016	0.97059	429.248	0.9706	3	3	CID-SRM
667076	5510	5.4329	2	2.7257	0.94661	694.88	0.9466	3	3	CID-SRM
667076	5511	5.4339	2	9.4014	7.5678	873.413	7.568	3	3	CID-SRM
667076	5512	5.4348	2	8.5299	6.6886	510.784	6.689	3	3	CID-SRM
667076	5513	5.4358	2	2.7093	0.92291	777.4349	0.9229	3	3	CID-SRM
667076	5514	5.4367	2	2.7494	0.92644	724.397	0.9264	3	3	CID-SRM
667076	5515	5.4376	2	2.8657	0.99675	854.5189	0.9968	3	3	CID-SRM
667076	5516	5.4386	2	2.7094	0.91138	252.18	0.9114	3	3	CID-SRM
667076	5517	5.4395	2	2.8228	0.97275	1072.566	0.9728	3	3	CID-SRM
667076	5518	5.4405	2	129.91	127.89	345.14	124.5	3	3	CID-SRM
667076	5519	5.4414	2	3.0123	1.0648	426.27	1.058	3	3	CID-SRM
667076	5520	5.4424	2	2.7989	0.9775	1030.098	0.9775	3	3	CID-SRM
667076	5521	5.4433	2	2.7319	0.9388	1219.5291	0.9388	3	3	CID-SRM
667076	5522	5.4443	2	2.8819	0.99749	1341.679	0.9975	3	3	CID-SRM
667076	5523	5.4455	2	115.06	113.24	263.661	113.2	3	3	CID-SRM
667076	5524	5.4464	2	2.7636	0.9488	510.266	0.9488	3	3	CID-SRM
667076	5525	5.4473	2	30.973	29.146	265.118	29.15	3	3	CID-SRM
667076	5526	5.4483	2	2.8766	0.97934	502.312	0.9793	3	3	CID-SRM
667076	5527	5.4492	2	3.7661	0.9543	881.512	0.9543	4	4	CID-SRM
667076	5528	5.4505	2	2.9323	1.0211	607.377	1.021	3	3	CID-SRM
667076	5529	5.4514	2	2.8321	0.97103	383.743	0.971	3	3	CID-SRM
667076	5530	5.4524	2	3.6972	0.93936	784.382	0.9394	4	4	CID-SRM
667076	5531	5.4536	2	5.3795	3.4645	429.248	3.465	3	3	CID-SRM
667076	5532	5.4545	2	2.7138	0.9155	759.401	0.9155	3	3	CID-SRM
667076	5533	5.4555	2	2.759	0.9504	972.4819	0.9504	3	3	CID-SRM
667076	5534	5.4564	2	198.4	196.58	510.784	196.6	3	3	CID-SRM
667076	5535	5.4574	2	2.768	0.93311	890.5189	0.9331	3	3	CID-SRM
667076	5536	5.4583	2	2.7818	0.95358	510.266	0.9536	3	3	CID-SRM
667076	5537	5.4592	2	2.7594	0.94793	951.572	0.9479	3	3	CID-SRM
667076	5538	5.4602	2	2.8072	0.95121	252.18	0.9512	3	3	CID-SRM
667076	5539	5.4611	2	2.8945	0.97629	785.454	0.9763	3	3	CID-SRM
667076	5540	5.4621	2	2.7802	0.93201	345.14	0.932	3	3	CID-SRM
667076	5541	5.4630	2	2.7957	0.97298	1034.525	0.973	3	3	CID-SRM
667076	5542	5.4640	2	2.8318	0.99307	1030.098	0.9931	3	3	CID-SRM
667076	5543	5.4650	2	2.7825	0.94019	429.248	0.9402	3	3	CID-SRM
667076	5544	5.4659	2	2.7964	0.94361	1341.679	0.9436	3	3	CID-SRM
667076	5545	5.4671	2	91.371	89.569	263.661	89.57	3	3	CID-SRM
667076	5546	5.4680	2	2.8668	0.99177	583.7999	0.9918	3	3	CID-SRM
667076	5547	5.4690	2	376.6	336.3	265.118	16.66	3	3	CID-SRM
667076	5548	5.4699	2	2.8416	0.96813	728.48	0.9681	3	3	CID-SRM
667076	5549	5.4708	2	3.7524	0.9643	881.512	0.9643	4	4	CID-SRM
667076	5550	5.4721	2	10.517	8.704	409.261	8.704	3	3	CID-SRM
667076	5551	5.4730	2	2.7987	0.95138	556.3409	0.9514	3	3	CID-SRM
667076	5552	5.4740	2	3.8445	0.99821	784.382	0.9982	4	4	CID-SRM
667076	5553	5.4752	2	2.8401	0.96795	429.248	0.968	3	3	CID-SRM
667076	5554	5.4762	2	2.8004	0.95557	759.401	0.9556	3	3	CID-SRM
667076	5555	5.4771	2	2.8263	0.96082	873.413	0.9608	3	3	CID-SRM
667076	5556	5.4781	2	240.59	238.65	510.784	238.6	3	3	CID-SRM
667076	5557	5.4790	2	2.7038	0.92218	777.4349	0.9222	3	3	CID-SRM
667076	5558	5.4799	2	2.728	0.92149	724.397	0.9215	3	3	CID-SRM
667076	5559	5.4809	2	2.8129	0.96953	854.5189	0.9695	3	3	CID-SRM
667076	5560	5.4818	2	2.7487	0.92962	252.18	0.9296	3	3	CID-SRM
667076	5561	5.4828	2	12.319	10.457	672.37	10.46	3	3	CID-SRM
667076	5562	5.4837	2	2.9491	1.0198	345.14	1.02	3	3	CID-SRM
667076	5563	5.4847	2	2.8279	0.98255	426.27	0.9825	3	3	CID-SRM
667076	5564	5.4856	2	2.8379	0.9665	794.98	0.9665	3	3	CID-SRM
667076	5565	5.4866	2	2.7635	0.92491	1219.5291	0.9249	3	3	CID-SRM
667076	5566	5.4875	2	2.9314	1.0212	1341.679	1.021	3	3	CID-SRM
667076	5567	5.4887	2	146.19	144.31	263.661	144.3	3	3	CID-SRM
667076	5568	5.4897	2	2.8473	0.95792	510.266	0.9579	3	3	CID-SRM
667076	5569	5.4906	2	94.99	93.005	511.323	92.4	3	3	CID-SRM
667076	5570	5.4915	2	2.8318	0.96707	502.312	0.9671	3	3	CID-SRM
667076	5571	5.4924	2	3.7681	0.96703	685.391	0.967	4	4	CID-SRM
667076	5572	5.4937	2	4.5767	2.7199	409.261	2.72	3	3	CID-SRM
667076	5573	5.4946	2	2.7483	0.92346	766.478	0.9235	3	3	CID-SRM
667076	5574	5.4956	2	3.7058	0.96566	784.382	0.9657	4	4	CID-SRM
667076	5575	5.4969	2	2.8086	0.94857	429.248	0.9486	3	3	CID-SRM
667076	5576	5.4978	2	2.8489	0.9738	824.486	0.9738	3	3	CID-SRM
667076	5577	5.4987	2	2.7761	0.93674	873.413	0.9367	3	3	CID-SRM
667076	5578	5.4997	2	9.5975	7.7518	510.784	7.752	3	3	CID-SRM
667076	5579	5.5006	2	2.6663	0.91859	777.4349	0.9186	3	3	CID-SRM
667076	5580	5.5016	2	2.7329	0.91566	724.397	0.9157	3	3	CID-SRM
667076	5581	5.5025	2	2.7542	0.94423	540.8109	0.9442	3	3	CID-SRM
667076	5582	5.5034	2	2.7107	0.91219	519.338	0.9122	3	3	CID-SRM
667076	5583	5.5044	2	2.8458	0.96382	1072.566	0.9638	3	3	CID-SRM
667076	5584	5.5053	2	2.8426	0.98807	1239.625	0.9881	3	3	CID-SRM
667076	5585	5.5063	2	2.9868	1.1177	426.27	1.118	3	3	CID-SRM
667076	5586	5.5072	2	2.7391	0.93632	1030.098	0.9363	3	3	CID-SRM
667076	5587	5.5082	2	2.8456	0.97812	1219.5291	0.9781	3	3	CID-SRM
667076	5588	5.5091	2	2.9229	1.0242	1341.679	1.024	3	3	CID-SRM
667076	5589	5.5106	2	255.22	158.19	599.354	158.2	3	3	CID-SRM
667076	5590	5.5115	2	2.8871	0.97192	510.266	0.9719	3	3	CID-SRM
667076	5591	5.5124	2	140.31	124.43	511.323	15.65	3	3	CID-SRM
667076	5592	5.5134	2	2.8699	1.0438	502.312	1.044	3	3	CID-SRM
667076	5593	5.5143	2	13.85	11.117	441.26	11.12	4	4	CID-SRM
667076	5594	5.5156	2	4.6379	2.7686	409.261	2.769	3	3	CID-SRM
667076	5595	5.5165	2	2.7414	0.93642	556.3409	0.9364	3	3	CID-SRM
667076	5596	5.5175	2	5.5773	2.7439	784.382	2.744	4	4	CID-SRM
667076	5597	5.5187	2	2.8755	0.98234	560.2889	0.9823	3	3	CID-SRM
667076	5598	5.5197	2	2.8168	0.961	694.88	0.961	3	3	CID-SRM
667076	5599	5.5206	2	2.782	0.94933	213.16	0.9493	3	3	CID-SRM
667076	5600	5.5216	2	3.0486	1.248	510.784	1.248	3	3	CID-SRM
667076	5601	5.5225	2	4.8881	3.0462	777.4349	3.046	3	3	CID-SRM
667076	5602	5.5234	2	2.7393	0.93079	724.397	0.9308	3	3	CID-SRM
667076	5603	5.5244	2	2.7498	0.947	540.8109	0.947	3	3	CID-SRM
667076	5604	5.5253	2	2.7563	0.95867	252.18	0.9587	3	3	CID-SRM
667076	5605	5.5263	2	2.7171	0.91155	1072.566	0.9116	3	3	CID-SRM
667076	5606	5.5272	2	2.8211	0.94984	881.512	0.9498	3	3	CID-SRM
667076	5607	5.5282	2	2.7576	0.93292	426.27	0.9329	3	3	CID-SRM
667076	5608	5.5291	2	2.7447	0.92914	1030.098	0.9291	3	3	CID-SRM
667076	5609	5.5301	2	2.8385	0.96376	1219.5291	0.9638	3	3	CID-SRM
667076	5610	5.5310	2	2.8976	0.9851	1341.679	0.9851	3	3	CID-SRM
667076	5611	5.5322	2	117.88	115.38	263.661	89.42	3	3	CID-SRM
667076	5612	5.5331	2	2.7642	0.92298	724.397	0.923	3	3	CID-SRM
667076	5613	5.5341	2	14.413	12.605	265.118	12.61	3	3	CID-SRM
667076	5614	5.5350	2	2.7586	0.93463	502.312	0.9346	3	3	CID-SRM
667076	5615	5.5359	2	3.6198	0.94582	586.323	0.9458	4	4	CID-SRM
667076	5616	5.5372	2	2.7972	0.9512	409.261	0.9512	3	3	CID-SRM
667076	5617	5.5381	2	3.0392	1.1603	383.743	1.16	3	3	CID-SRM
667076	5618	5.5391	2	6.2224	3.5088	667.34	3.509	4	4	CID-SRM
667076	5619	5.5404	2	2.7574	0.93409	429.248	0.9341	3	3	CID-SRM
667076	5620	5.5413	2	2.8569	0.96952	694.88	0.9695	3	3	CID-SRM
667076	5621	5.5422	2	2.7912	0.94895	972.4819	0.9489	3	3	CID-SRM
667076	5622	5.5432	2	2.7266	0.94242	510.784	0.9424	3	3	CID-SRM
667076	5623	5.5441	2	2.7708	0.93026	890.5189	0.9303	3	3	CID-SRM
667076	5624	5.5450	2	2.7581	0.9419	1019.525	0.9419	3	3	CID-SRM
667076	5625	5.5460	2	2.7416	0.93773	951.572	0.9377	3	3	CID-SRM
667076	5626	5.5469	2	2.6894	0.91165	252.18	0.9117	3	3	CID-SRM
667076	5627	5.5479	2	2.8128	0.97903	1072.566	0.979	3	3	CID-SRM
667076	5628	5.5488	2	2.8316	0.97383	1239.625	0.9738	3	3	CID-SRM
667076	5629	5.5498	2	3.1051	1.0658	1034.525	1.066	3	3	CID-SRM
667076	5630	5.5507	2	2.8273	0.98658	980.564	0.9866	3	3	CID-SRM
667076	5631	5.5517	2	2.9957	1.0054	1219.5291	1.005	3	3	CID-SRM
667076	5632	5.5526	2	3.1086	1.0552	1131.542	1.028	3	3	CID-SRM
667076	5633	5.5541	2	503.41	464.5	263.661	23.83	3	3	CID-SRM
667076	5634	5.5550	2	2.7483	0.94394	583.7999	0.9439	3	3	CID-SRM
667076	5635	5.5559	2	172.5	170.66	265.118	170.7	3	3	CID-SRM
667076	5636	5.5568	2	2.7444	0.95058	615.396	0.9506	3	3	CID-SRM
667076	5637	5.5577	2	3.6449	0.93667	441.26	0.9367	4	4	CID-SRM
667076	5638	5.5590	2	6.0821	4.1988	409.261	4.199	3	3	CID-SRM
667076	5639	5.5600	2	2.779	0.93876	556.3409	0.9388	3	3	CID-SRM
667076	5640	5.5609	2	3.6901	0.92953	723.882	0.9295	4	4	CID-SRM
667076	5641	5.5622	2	2.7872	0.98029	631.3259	0.9803	3	3	CID-SRM
667076	5642	5.5631	2	2.7916	0.97028	824.486	0.9703	3	3	CID-SRM
667076	5643	5.5641	2	17.194	15.257	213.16	15.26	3	3	CID-SRM
667076	5644	5.5650	2	2.8465	0.96692	696.382	0.9669	3	3	CID-SRM
667076	5645	5.5660	2	2.759	0.95133	777.4349	0.9513	3	3	CID-SRM
667076	5646	5.5669	2	2.7914	0.95684	510.266	0.9568	3	3	CID-SRM
667076	5647	5.5678	2	2.7065	0.90547	854.5189	0.9055	3	3	CID-SRM
667076	5648	5.5688	2	2.7645	0.94529	252.18	0.9453	3	3	CID-SRM
667076	5649	5.5697	2	2.8828	0.97517	1072.566	0.9752	3	3	CID-SRM
667076	5650	5.5707	2	2.8562	1.0204	1239.625	1.02	3	3	CID-SRM
667076	5651	5.5716	2	2.8473	0.97375	897.4659	0.9737	3	3	CID-SRM
667076	5652	5.5726	2	2.9119	1.0522	1030.098	1.052	3	3	CID-SRM
667076	5653	5.5735	2	2.8549	0.97011	1219.5291	0.9701	3	3	CID-SRM
667076	5654	5.5745	2	8.0197	6.12	1341.679	6.12	3	3	CID-SRM
667076	5655	5.5757	2	38.557	36.585	263.661	36.31	3	3	CID-SRM
667076	5656	5.5766	2	2.8658	1.0056	510.266	1.006	3	3	CID-SRM
667076	5657	5.5775	2	2.8479	0.9959	511.323	0.9959	3	3	CID-SRM
667076	5658	5.5784	2	4.9224	3.034	615.396	3.034	3	3	CID-SRM
667076	5659	5.5794	2	3.7973	1.0109	685.391	1.011	4	4	CID-SRM
667076	5660	5.5806	2	2.7496	0.92935	409.261	0.9294	3	3	CID-SRM
667076	5661	5.5816	2	2.7792	0.93387	766.478	0.9339	3	3	CID-SRM
667076	5662	5.5825	2	3.6792	0.9524	897.4659	0.9524	4	4	CID-SRM
667076	5663	5.5838	2	9.0061	7.1961	429.248	7.196	3	3	CID-SRM
667076	5664	5.5847	2	2.7097	0.91834	759.401	0.9183	3	3	CID-SRM
667076	5665	5.5857	2	2.7366	0.92326	213.16	0.9233	3	3	CID-SRM
667076	5666	5.5866	2	2.8409	1.0052	510.784	1.005	3	3	CID-SRM
667076	5667	5.5876	2	2.7263	0.92514	989.588	0.9251	3	3	CID-SRM
667076	5668	5.5885	2	2.9595	1.1598	510.266	1.16	3	3	CID-SRM
667076	5669	5.5894	2	2.7945	0.93581	951.572	0.9358	3	3	CID-SRM
667076	5670	5.5904	2	2.8534	0.96343	519.338	0.9634	3	3	CID-SRM
667076	5671	5.5913	2	2.9005	0.98097	785.454	0.981	3	3	CID-SRM
667076	5672	5.5923	2	2.8411	0.96358	1239.625	0.9636	3	3	CID-SRM
667076	5673	5.5932	2	3.0893	1.1164	1034.525	1.092	3	3	CID-SRM
667076	5674	5.5942	2	2.9466	1.0138	794.98	1.014	3	3	CID-SRM
667076	5675	5.5951	2	2.9707	0.9955	429.248	0.9955	3	3	CID-SRM
667076	5676	5.5961	2	3.0463	1.0804	1341.679	1.064	3	3	CID-SRM
667076	5677	5.5975	2	296.8	294.76	263.661	288.2	3	3	CID-SRM
667076	5678	5.5984	2	3.088	1.0628	724.397	1.05	3	3	CID-SRM
667076	5679	5.5993	2	2.807	0.95166	511.323	0.9517	3	3	CID-SRM
667076	5680	5.6002	2	2.7999	0.94266	728.48	0.9427	3	3	CID-SRM
667076	5681	5.6012	2	3.7955	0.97725	441.26	0.9773	4	4	CID-SRM
667076	5682	5.6024	2	2.8082	0.96009	409.261	0.9601	3	3	CID-SRM
667076	5683	5.6034	2	4.1729	2.369	383.743	2.369	3	3	CID-SRM
667076	5684	5.6043	2	3.708	0.95078	723.882	0.9508	4	4	CID-SRM
667076	5685	5.6056	2	2.7566	0.93739	631.3259	0.9374	3	3	CID-SRM
667076	5686	5.6065	2	2.8076	0.95643	694.88	0.9564	3	3	CID-SRM
667076	5687	5.6075	2	7.8821	6.0568	213.16	6.057	3	3	CID-SRM
667076	5688	5.6084	2	31.89	30.024	510.784	30.02	3	3	CID-SRM
667076	5689	5.6094	2	2.7474	0.9618	989.588	0.9618	3	3	CID-SRM
667076	5690	5.6103	2	2.8518	0.95813	724.397	0.9581	3	3	CID-SRM
667076	5691	5.6112	2	2.806	0.95761	854.5189	0.9576	3	3	CID-SRM
667076	5692	5.6122	2	2.7418	0.91797	519.338	0.918	3	3	CID-SRM
667076	5693	5.6131	2	2.7819	0.95689	1072.566	0.9569	3	3	CID-SRM
667076	5694	5.6141	2	2.8772	0.98028	1239.625	0.9803	3	3	CID-SRM
667076	5695	5.6150	2	2.7977	0.95254	1034.525	0.9525	3	3	CID-SRM
667076	5696	5.6160	2	2.679	0.90568	980.564	0.9057	3	3	CID-SRM
667076	5697	5.6169	2	2.7809	0.94254	429.248	0.9425	3	3	CID-SRM
667076	5698	5.6179	2	2.7865	0.95935	1341.679	0.9593	3	3	CID-SRM
667076	5699	5.6191	2	521.21	519.4	263.661	519.4	3	3	CID-SRM
667076	5700	5.6200	2	19.366	17.508	724.397	17.51	3	3	CID-SRM
667076	5701	5.6209	2	46.345	44.478	265.118	44.48	3	3	CID-SRM
667076	5702	5.6219	2	2.746	0.93179	615.396	0.9318	3	3	CID-SRM
667076	5703	5.6228	2	3.7331	0.95973	586.323	0.9597	4	4	CID-SRM
667076	5704	5.6241	2	5.3941	3.5362	409.261	3.536	3	3	CID-SRM
667076	5705	5.6250	2	30.149	28.265	383.743	28.27	3	3	CID-SRM
667076	5706	5.6260	2	3.706	0.97092	897.4659	0.9709	4	4	CID-SRM
667076	5707	5.6272	2	2.8693	0.96812	631.3259	0.9681	3	3	CID-SRM
667076	5708	5.6282	2	2.7361	0.92784	824.486	0.9278	3	3	CID-SRM
667076	5709	5.6291	2	2.7676	0.92823	213.16	0.9282	3	3	CID-SRM
667076	5710	5.6301	2	2.8105	0.95932	559.323	0.9593	3	3	CID-SRM
667076	5711	5.6310	2	2.7814	0.96699	777.4349	0.967	3	3	CID-SRM
667076	5712	5.6319	2	2.8017	0.98367	510.266	0.9837	3	3	CID-SRM
667076	5713	5.6329	2	2.7418	0.94721	854.5189	0.9472	3	3	CID-SRM
667076	5714	5.6338	2	4.5652	2.6918	519.338	2.692	3	3	CID-SRM
667076	5715	5.6348	2	2.8572	0.98613	1072.566	0.9861	3	3	CID-SRM
667076	5716	5.6357	2	2.9056	1.0041	1239.625	1.004	3	3	CID-SRM
667076	5717	5.6367	2	2.9169	1.0093	1034.525	1.009	3	3	CID-SRM
667076	5718	5.6376	2	3.0074	1.054	1030.098	1.054	3	3	CID-SRM
667076	5719	5.6386	2	3.0156	1.0334	1219.5291	1.033	3	3	CID-SRM
667076	5720	5.6395	2	3.058	1.0636	1341.679	1.057	3	3	CID-SRM
667076	5721	5.6409	2	181.74	112.13	599.354	48.15	3	3	CID-SRM
667076	5722	5.6418	2	2.8592	0.96605	583.7999	0.966	3	3	CID-SRM
667076	5723	5.6428	2	2.8084	0.95149	624.407	0.9515	3	3	CID-SRM
667076	5724	5.6437	2	2.838	0.97823	615.396	0.9782	3	3	CID-SRM
667076	5725	5.6446	2	3.7526	0.95834	881.512	0.9583	4	4	CID-SRM
667076	5726	5.6459	2	2.7857	0.95209	506.33	0.9521	3	3	CID-SRM
667076	5727	5.6468	2	2.7357	0.93678	383.743	0.9368	3	3	CID-SRM
667076	5728	5.6478	2	3.7515	0.96208	897.4659	0.9621	4	4	CID-SRM
667076	5729	5.6491	2	2.8197	0.98986	429.248	0.9899	3	3	CID-SRM
667076	5730	5.6500	2	2.9267	1.0182	824.486	1.018	3	3	CID-SRM
667076	5731	5.6509	2	3.076	1.0286	873.413	1.009	3	3	CID-SRM
667076	5732	5.6519	2	386.19	384.18	559.323	380.8	3	3	CID-SRM
667076	5733	5.6528	2	2.9174	0.99267	890.5189	0.9927	3	3	CID-SRM
667076	5734	5.6538	2	3.0341	1.0315	1019.525	1.027	3	3	CID-SRM
667076	5735	5.6547	2	3.0998	1.0894	951.572	1.078	3	3	CID-SRM
667076	5736	5.6556	2	3.4134	1.187	519.338	1.119	3	3	CID-SRM
667076	5737	5.6566	2	2.8791	1.0006	672.37	1.001	3	3	CID-SRM
667076	5738	5.6575	2	2.7758	0.95818	1239.625	0.9582	3	3	CID-SRM
667076	5739	5.6585	2	2.9064	1.0186	897.4659	1.019	3	3	CID-SRM
667076	5740	5.6594	2	2.7769	0.94435	1030.098	0.9444	3	3	CID-SRM
667076	5741	5.6604	2	2.8011	0.96671	429.248	0.9667	3	3	CID-SRM
667076	5742	5.6613	2	2.9028	1.0004	1341.679	1	3	3	CID-SRM
667076	5743	5.6625	2	473.34	227.73	599.354	5.538	3	3	CID-SRM
667076	5744	5.6635	2	2.8118	0.96461	510.266	0.9646	3	3	CID-SRM
667076	5745	5.6644	2	2.7908	0.93385	511.323	0.9338	3	3	CID-SRM
667076	5746	5.6653	2	2.8562	0.96847	728.48	0.9685	3	3	CID-SRM
667076	5747	5.6662	2	8.0146	5.1332	586.323	5.133	4	4	CID-SRM
667076	5748	5.6675	2	2.7936	0.93734	607.377	0.9373	3	3	CID-SRM
667076	5749	5.6685	2	2.8194	0.9678	556.3409	0.9678	3	3	CID-SRM
667076	5750	5.6694	2	3.7782	0.96785	784.382	0.9678	4	4	CID-SRM
667076	5751	5.6707	2	2.8336	0.96655	429.248	0.9666	3	3	CID-SRM
667076	5752	5.6716	2	2.7935	0.96276	694.88	0.9628	3	3	CID-SRM
667076	5753	5.6725	2	2.9324	0.98531	972.4819	0.9853	3	3	CID-SRM
667076	5754	5.6735	2	2.7667	0.9305	696.382	0.9305	3	3	CID-SRM
667076	5755	5.6744	2	2.8555	0.98216	777.4349	0.9822	3	3	CID-SRM
667076	5756	5.6754	2	3.4458	1.6397	510.266	1.64	3	3	CID-SRM
667076	5757	5.6763	2	2.7962	0.96949	540.8109	0.9695	3	3	CID-SRM
667076	5758	5.6772	2	2.8203	0.94703	519.338	0.947	3	3	CID-SRM
667076	5759	5.6782	2	2.9117	0.9906	1072.566	0.9906	3	3	CID-SRM
667076	5760	5.6791	2	2.9372	0.99619	1239.625	0.9962	3	3	CID-SRM
667076	5761	5.6801	2	2.8411	0.96319	426.27	0.9632	3	3	CID-SRM
667076	5762	5.6811	2	2.7069	0.94068	794.98	0.9407	3	3	CID-SRM
667076	5763	5.6820	2	2.8113	0.97588	1219.5291	0.9759	3	3	CID-SRM
667076	5764	5.6830	2	2.8502	0.97415	1341.679	0.9742	3	3	CID-SRM
667076	5765	5.6844	2	125.38	123.55	263.661	123.5	3	3	CID-SRM
667076	5766	5.6853	2	2.7436	0.93305	724.397	0.933	3	3	CID-SRM
667076	5767	5.6862	2	3.009	1.024	624.407	1.019	3	3	CID-SRM
667076	5768	5.6872	2	2.9494	1.0016	502.312	1.002	3	3	CID-SRM
667076	5769	5.6881	2	3.7839	0.97143	685.391	0.9714	4	4	CID-SRM
667076	5770	5.6894	2	2.92	1.0038	409.261	1.004	3	3	CID-SRM
667076	5771	5.6903	2	2.8206	0.95628	383.743	0.9563	3	3	CID-SRM
667076	5772	5.6913	2	3.6852	1.0319	897.4659	1.032	4	4	CID-SRM
667076	5773	5.6925	2	2.832	0.96044	631.3259	0.9604	3	3	CID-SRM
667076	5774	5.6935	2	2.8263	0.95495	694.88	0.955	3	3	CID-SRM
667076	5775	5.6944	2	2.7702	0.95302	873.413	0.953	3	3	CID-SRM
667076	5776	5.6954	2	233.38	231.54	510.784	231.5	3	3	CID-SRM
667076	5777	5.6963	2	2.7979	0.94642	777.4349	0.9464	3	3	CID-SRM
667076	5778	5.6972	2	2.8042	0.94979	1019.525	0.9498	3	3	CID-SRM
667076	5779	5.6981	2	2.7959	0.94527	540.8109	0.9453	3	3	CID-SRM
667076	5780	5.6991	2	2.7023	0.91549	252.18	0.9155	3	3	CID-SRM
667076	5781	5.7001	2	2.7681	0.93977	1072.566	0.9398	3	3	CID-SRM
667076	5782	5.7010	2	2.7593	0.93876	1239.625	0.9388	3	3	CID-SRM
667076	5783	5.7020	2	2.8354	0.99046	1034.525	0.9905	3	3	CID-SRM
667076	5784	5.7029	2	2.7849	0.94991	1030.098	0.9499	3	3	CID-SRM
667076	5785	5.7039	2	2.8503	0.95456	429.248	0.9546	3	3	CID-SRM
667076	5786	5.7048	2	2.876	0.9861	1341.679	0.9861	3	3	CID-SRM
667076	5787	5.7060	2	378.07	376.24	263.661	376.2	3	3	CID-SRM
667076	5788	5.7069	2	2.789	0.94598	583.7999	0.946	3	3	CID-SRM
667076	5789	5.7079	2	2.8395	0.96509	265.118	0.9651	3	3	CID-SRM
667076	5790	5.7088	2	2.8164	0.94753	502.312	0.9475	3	3	CID-SRM
667076	5791	5.7097	2	16.467	13.589	441.26	13.59	4	4	CID-SRM
667076	5792	5.7110	2	4.2871	2.3838	607.377	2.384	3	3	CID-SRM
667076	5793	5.7119	2	2.8319	0.9934	383.743	0.9934	3	3	CID-SRM
667076	5794	5.7129	2	3.6557	0.94522	667.34	0.9452	4	4	CID-SRM
667076	5795	5.7141	2	2.7703	0.93834	560.2889	0.9383	3	3	CID-SRM
667076	5796	5.7151	2	2.7479	0.93135	759.401	0.9313	3	3	CID-SRM
667076	5797	5.7160	2	2.7446	0.92501	972.4819	0.925	3	3	CID-SRM
667076	5798	5.7170	2	3.3745	1.5446	510.784	1.545	3	3	CID-SRM
667076	5799	5.7179	2	2.9786	1.02	989.588	1.02	3	3	CID-SRM
667076	5800	5.7188	2	2.8418	0.95739	510.266	0.9574	3	3	CID-SRM
667076	5801	5.7198	2	2.7053	0.92495	951.572	0.925	3	3	CID-SRM
667076	5802	5.7207	2	2.9118	0.98049	519.338	0.9805	3	3	CID-SRM
667076	5803	5.7217	2	2.8132	0.9898	1072.566	0.9898	3	3	CID-SRM
667076	5804	5.7226	2	3.0378	1.0469	881.512	1.046	3	3	CID-SRM
667076	5805	5.7236	2	2.887	1.0017	426.27	1.002	3	3	CID-SRM
667076	5806	5.7245	2	3.0191	1.0428	1030.098	1.043	3	3	CID-SRM
667076	5807	5.7255	2	2.9929	1.1144	1219.5291	1.114	3	3	CID-SRM
667076	5808	5.7264	2	3.0529	1.0536	671.343	1.045	3	3	CID-SRM
667076	5809	5.7279	2	245.85	156.88	263.661	156.9	3	3	CID-SRM
667076	5810	5.7288	2	2.9141	1.0221	724.397	1.022	3	3	CID-SRM
667076	5811	5.7297	2	13.433	11.872	511.323	11.87	3	3	CID-SRM
667076	5812	5.7306	2	2.7738	0.93763	502.312	0.9376	3	3	CID-SRM
667076	5813	5.7316	2	3.759	0.96822	881.512	0.9682	4	4	CID-SRM
667076	5814	5.7328	2	2.7366	0.92181	607.377	0.9218	3	3	CID-SRM
667076	5815	5.7338	2	4.1923	2.4247	383.743	2.425	3	3	CID-SRM
667076	5816	5.7347	2	3.7972	0.97176	897.4659	0.9718	4	4	CID-SRM
667076	5817	5.7360	2	2.8634	0.97614	429.248	0.9761	3	3	CID-SRM
667076	5818	5.7369	2	2.7977	0.96207	694.88	0.9621	3	3	CID-SRM
667076	5819	5.7379	2	2.8286	0.95655	873.413	0.9566	3	3	CID-SRM
667076	5820	5.7388	2	355.16	353.22	510.784	353.2	3	3	CID-SRM
667076	5821	5.7398	2	2.8549	1.0148	989.588	1.015	3	3	CID-SRM
667076	5822	5.7407	2	2.8975	0.98415	724.397	0.9841	3	3	CID-SRM
667076	5823	5.7416	2	10.784	8.9617	540.8109	8.962	3	3	CID-SRM
667076	5824	5.7426	2	6.4582	4.6121	519.338	4.612	3	3	CID-SRM
667076	5825	5.7435	2	2.794	0.96111	1072.566	0.9611	3	3	CID-SRM
667076	5826	5.7445	2	2.8386	0.99391	1239.625	0.9939	3	3	CID-SRM
667076	5827	5.7454	2	2.9751	1.0372	897.4659	1.037	3	3	CID-SRM
667076	5828	5.7464	2	2.8122	0.9798	1030.098	0.9798	3	3	CID-SRM
667076	5829	5.7473	2	2.766	0.9326	860.432	0.9326	3	3	CID-SRM
667076	5830	5.7483	2	2.9521	1.0117	1341.679	1.012	3	3	CID-SRM
667076	5831	5.7495	2	154.32	148.61	263.661	51.2	3	3	CID-SRM
667076	5832	5.7504	2	2.8108	0.95981	583.7999	0.9598	3	3	CID-SRM
667076	5833	5.7513	2	6.348	4.5096	265.118	4.51	3	3	CID-SRM
667076	5834	5.7523	2	2.8032	0.94592	728.48	0.9459	3	3	CID-SRM
667076	5835	5.7532	2	3.6775	0.94314	441.26	0.9431	4	4	CID-SRM
667076	5836	5.7545	2	4.254	2.4148	409.261	2.415	3	3	CID-SRM
667076	5837	5.7554	2	3.1307	1.2787	383.743	1.279	3	3	CID-SRM
667076	5838	5.7564	2	3.7128	0.99295	667.34	0.993	4	4	CID-SRM
667076	5839	5.7576	2	2.8338	0.96121	560.2889	0.9612	3	3	CID-SRM
667076	5840	5.7585	2	3.6103	1.7391	759.401	1.739	3	3	CID-SRM
667076	5841	5.7595	2	7.2209	5.3524	873.413	5.352	3	3	CID-SRM
667076	5842	5.7604	2	107.61	105.77	510.784	105.8	3	3	CID-SRM
667076	5843	5.7614	2	2.8049	0.95572	777.4349	0.9557	3	3	CID-SRM
667076	5844	5.7623	2	2.7005	0.92666	510.266	0.9267	3	3	CID-SRM
667076	5845	5.7632	2	2.7371	0.92842	951.572	0.9284	3	3	CID-SRM
667076	5846	5.7642	2	2.8923	0.98193	252.18	0.9819	3	3	CID-SRM
667076	5847	5.7651	2	2.8291	0.96465	1072.566	0.9647	3	3	CID-SRM
667076	5848	5.7661	2	2.7353	0.92776	345.14	0.9278	3	3	CID-SRM
667076	5849	5.7671	2	2.7486	0.92563	1034.525	0.9256	3	3	CID-SRM
667076	5850	5.7680	2	2.7745	0.94095	794.98	0.941	3	3	CID-SRM
667076	5851	5.7690	2	2.8104	0.95283	1219.5291	0.9528	3	3	CID-SRM
667076	5852	5.7699	2	2.8793	0.98207	1341.679	0.9821	3	3	CID-SRM
667076	5853	5.7714	2	28.152	26.273	263.661	26.27	3	3	CID-SRM
667076	5854	5.7723	2	2.8326	0.96292	510.266	0.9629	3	3	CID-SRM
667076	5855	5.7732	2	2.8871	0.99582	624.407	0.9958	3	3	CID-SRM
667076	5856	5.7741	2	2.712	0.91605	502.312	0.9161	3	3	CID-SRM
667076	5857	5.7750	2	3.7271	0.95944	441.26	0.9594	4	4	CID-SRM
667076	5858	5.7763	2	2.7819	0.94752	506.33	0.9475	3	3	CID-SRM
667076	5859	5.7773	2	2.7535	0.94714	556.3409	0.9471	3	3	CID-SRM
667076	5860	5.7782	2	3.6709	0.92416	667.34	0.9242	4	4	CID-SRM
667076	5861	5.7795	2	2.8415	0.98324	429.248	0.9832	3	3	CID-SRM
667076	5862	5.7804	2	2.7902	0.94066	759.401	0.9407	3	3	CID-SRM
667076	5863	5.7814	2	2.7444	0.92752	873.413	0.9275	3	3	CID-SRM
667076	5864	5.7823	2	139.4	137.44	510.784	137.4	3	3	CID-SRM
667076	5865	5.7833	2	2.8941	0.9741	890.5189	0.9741	3	3	CID-SRM
667076	5866	5.7842	2	2.9442	1.0039	510.266	1.004	3	3	CID-SRM
667076	5867	5.7851	2	346.35	344.5	540.8109	344.5	3	3	CID-SRM
667076	5868	5.7861	2	2.7965	0.94661	763.459	0.9466	3	3	CID-SRM
667076	5869	5.7870	2	2.8589	0.97538	1072.566	0.9754	3	3	CID-SRM
667076	5870	5.7880	2	2.8509	0.9793	1239.625	0.9793	3	3	CID-SRM
667076	5871	5.7889	2	2.9057	1.0209	1034.525	1.021	3	3	CID-SRM
667076	5872	5.7899	2	2.8824	0.97458	794.98	0.9746	3	3	CID-SRM
667076	5873	5.7908	2	3.2019	1.2794	1219.5291	1.279	3	3	CID-SRM
667076	5874	5.7918	2	3.0843	1.0505	1131.542	1.047	3	3	CID-SRM
667076	5875	5.7930	2	274.7	272.79	263.661	272.8	3	3	CID-SRM
667076	5876	5.7939	2	3.9824	2.0983	510.266	2.098	3	3	CID-SRM
667076	5877	5.7949	2	2.9344	1.0619	624.407	1.062	3	3	CID-SRM
667076	5878	5.7958	2	2.9382	1.0003	502.312	1	3	3	CID-SRM
667076	5879	5.7967	2	3.8137	1.0018	685.391	1.002	4	4	CID-SRM
667076	5880	5.7980	2	7.6228	5.4734	409.261	5.091	3	3	CID-SRM
667076	5881	5.7989	2	3.2392	1.1343	556.3409	1.078	3	3	CID-SRM
667076	5882	5.7999	2	4.1726	1.11	897.4659	1.092	4	4	CID-SRM
667076	5883	5.8012	2	2.9015	0.99479	429.248	0.9948	3	3	CID-SRM
667076	5884	5.8021	2	3.1336	1.0687	694.88	1.035	3	3	CID-SRM
667076	5885	5.8030	2	3.1002	1.0395	873.413	1.014	3	3	CID-SRM
667076	5886	5.8040	2	3.011	1.0614	696.382	1.061	3	3	CID-SRM
667076	5887	5.8049	2	3.3136	1.1742	989.588	1.098	3	3	CID-SRM
667076	5888	5.8059	2	2.9015	1.0017	724.397	1.002	3	3	CID-SRM
667076	5889	5.8068	2	2.7907	0.94682	540.8109	0.9468	3	3	CID-SRM
667076	5890	5.8077	2	2.7146	0.95017	519.338	0.9502	3	3	CID-SRM
667076	5891	5.8087	2	2.8852	1.0131	1072.566	1.013	3	3	CID-SRM
667076	5892	5.8096	2	2.8642	0.98339	1239.625	0.9834	3	3	CID-SRM
667076	5893	5.8106	2	2.8602	0.974	1034.525	0.974	3	3	CID-SRM
667076	5894	5.8115	2	2.865	0.95861	980.564	0.9586	3	3	CID-SRM
667076	5895	5.8125	2	2.896	0.99304	429.248	0.993	3	3	CID-SRM
667076	5896	5.8134	2	2.9521	1.0347	1341.679	1.035	3	3	CID-SRM
667076	5897	5.8146	2	167.21	165.43	263.661	165.4	3	3	CID-SRM
667076	5898	5.8156	2	2.7241	0.92289	510.266	0.9229	3	3	CID-SRM
667076	5899	5.8165	2	2.8106	0.96827	511.323	0.9683	3	3	CID-SRM
667076	5900	5.8174	2	2.8115	0.94306	728.48	0.9431	3	3	CID-SRM
667076	5901	5.8183	2	5.8998	3.0776	441.26	3.078	4	4	CID-SRM
667076	5902	5.8196	2	2.8288	0.96787	506.33	0.9679	3	3	CID-SRM
667076	5903	5.8206	2	2.7906	0.94737	383.743	0.9474	3	3	CID-SRM
667076	5904	5.8215	2	3.6636	0.93681	784.382	0.9368	4	4	CID-SRM
667076	5905	5.8228	2	2.8258	0.95459	429.248	0.9546	3	3	CID-SRM
667076	5906	5.8237	2	2.7351	0.92883	694.88	0.9288	3	3	CID-SRM
667076	5907	5.8246	2	2.7887	0.95485	873.413	0.9549	3	3	CID-SRM
667076	5908	5.8256	2	2.9329	1.0434	510.784	1.043	3	3	CID-SRM
667076	5909	5.8265	2	2.7652	0.94527	890.5189	0.9453	3	3	CID-SRM
667076	5910	5.8275	2	2.7586	0.92706	1019.525	0.9271	3	3	CID-SRM
667076	5911	5.8284	2	2.6813	0.90761	951.572	0.9076	3	3	CID-SRM
667076	5912	5.8293	2	2.7802	0.93397	763.459	0.934	3	3	CID-SRM
667076	5913	5.8303	2	2.7888	0.94359	672.37	0.9436	3	3	CID-SRM
667076	5914	5.8312	2	2.8153	0.95267	1239.625	0.9527	3	3	CID-SRM
667076	5915	5.8322	2	2.8485	0.98763	897.4659	0.9876	3	3	CID-SRM
667076	5916	5.8332	2	2.8601	1.0197	1030.098	1.02	3	3	CID-SRM
667076	5917	5.8341	2	2.8419	0.95987	860.432	0.9599	3	3	CID-SRM
667076	5918	5.8351	2	2.8453	0.98042	1341.679	0.9804	3	3	CID-SRM
667076	5919	5.8363	2	70.871	68.992	263.661	68.99	3	3	CID-SRM
667076	5920	5.8372	2	2.8328	0.98002	724.397	0.98	3	3	CID-SRM
667076	5921	5.8381	2	2.9725	1.0051	511.323	1.005	3	3	CID-SRM
667076	5922	5.8390	2	2.7587	0.95419	502.312	0.9542	3	3	CID-SRM
667076	5923	5.8400	2	9.5237	6.7367	441.26	6.737	4	4	CID-SRM
667076	5924	5.8412	2	2.7854	0.94375	607.377	0.9437	3	3	CID-SRM
667076	5925	5.8422	2	2.8184	0.96641	556.3409	0.9664	3	3	CID-SRM
667076	5926	5.8431	2	3.7105	0.95639	897.4659	0.9564	4	4	CID-SRM
667076	5927	5.8444	2	7.6666	5.785	429.248	5.785	3	3	CID-SRM
667076	5928	5.8453	2	10.078	8.1451	824.486	8.145	3	3	CID-SRM
667076	5929	5.8463	2	2.7006	0.92151	972.4819	0.9215	3	3	CID-SRM
667076	5930	5.8472	2	2.8132	0.94186	696.382	0.9419	3	3	CID-SRM
667076	5931	5.8482	2	2.7	0.91625	777.4349	0.9163	3	3	CID-SRM
667076	5932	5.8491	2	2.7203	0.93056	510.266	0.9306	3	3	CID-SRM
667076	5933	5.8500	2	6.5302	4.6638	540.8109	4.664	3	3	CID-SRM
667076	5934	5.8510	2	2.7905	0.95619	252.18	0.9562	3	3	CID-SRM
667076	5935	5.8519	2	6.7948	4.9088	785.454	4.909	3	3	CID-SRM
667076	5936	5.8529	2	2.8639	0.99099	1239.625	0.991	3	3	CID-SRM
667076	5937	5.8538	2	2.7618	0.94055	426.27	0.9406	3	3	CID-SRM
667076	5938	5.8548	2	2.8137	0.95453	1030.098	0.9545	3	3	CID-SRM
667076	5939	5.8557	2	2.8002	0.95815	429.248	0.9582	3	3	CID-SRM
667076	5940	5.8567	2	2.9399	1.0019	1341.679	1.002	3	3	CID-SRM
667076	5941	5.8579	2	247.77	244.08	263.661	129.2	3	3	CID-SRM
667076	5942	5.8588	2	2.7479	0.94411	510.266	0.9441	3	3	CID-SRM
667076	5943	5.8597	2	2.7678	0.92897	265.118	0.929	3	3	CID-SRM
667076	5944	5.8607	2	2.832	0.95923	615.396	0.9592	3	3	CID-SRM
667076	5945	5.8616	2	4.2124	1.4581	586.323	1.458	4	4	CID-SRM
667076	5946	5.8628	2	2.7917	0.94419	409.261	0.9442	3	3	CID-SRM
667076	5947	5.8638	2	2.6908	0.90902	556.3409	0.909	3	3	CID-SRM
667076	5948	5.8648	2	3.6873	0.96767	897.4659	0.9677	4	4	CID-SRM
667076	5949	5.8660	2	2.7731	0.92612	429.248	0.9261	3	3	CID-SRM
667076	5950	5.8669	2	2.8908	0.99214	759.401	0.9921	3	3	CID-SRM
667076	5951	5.8679	2	2.9378	1.0269	213.16	1.027	3	3	CID-SRM
667076	5952	5.8688	2	2.7379	0.93325	696.382	0.9333	3	3	CID-SRM
667076	5953	5.8698	2	2.8237	0.95325	890.5189	0.9532	3	3	CID-SRM
667076	5954	5.8707	2	2.6755	0.90385	1019.525	0.9039	3	3	CID-SRM
667076	5955	5.8716	2	22.733	20.889	540.8109	20.89	3	3	CID-SRM
667076	5956	5.8726	2	2.7051	0.92574	519.338	0.9257	3	3	CID-SRM
667076	5957	5.8735	2	2.8346	0.94979	672.37	0.9498	3	3	CID-SRM
667076	5958	5.8745	2	2.8009	0.95209	1239.625	0.9521	3	3	CID-SRM
667076	5959	5.8754	2	2.8586	0.96663	426.27	0.9666	3	3	CID-SRM
667076	5960	5.8764	2	2.7685	0.94008	1030.098	0.9401	3	3	CID-SRM
667076	5961	5.8773	2	2.74	0.93184	1219.5291	0.9318	3	3	CID-SRM
667076	5962	5.8783	2	2.839	0.96294	1341.679	0.9629	3	3	CID-SRM
667076	5963	5.8795	2	413.3	411.47	263.661	411.5	3	3	CID-SRM
667076	5964	5.8804	2	2.7311	0.92092	583.7999	0.9209	3	3	CID-SRM
667076	5965	5.8814	2	8.4189	6.5272	265.118	6.527	3	3	CID-SRM
667076	5966	5.8823	2	2.7885	0.97442	502.312	0.9744	3	3	CID-SRM
667076	5967	5.8832	2	3.7673	0.96256	685.391	0.9626	4	4	CID-SRM
667076	5968	5.8845	2	2.8369	0.979	409.261	0.979	3	3	CID-SRM
667076	5969	5.8854	2	2.7415	0.92909	766.478	0.9291	3	3	CID-SRM
667076	5970	5.8864	2	3.718	0.95785	897.4659	0.9578	4	4	CID-SRM
667076	5971	5.8876	2	2.9099	0.99319	429.248	0.9932	3	3	CID-SRM
667076	5972	5.8886	2	2.9472	1.0553	694.88	1.055	3	3	CID-SRM
667076	5973	5.8895	2	2.85	0.98352	972.4819	0.9835	3	3	CID-SRM
667076	5974	5.8905	2	6.2533	4.2669	559.323	4.267	3	3	CID-SRM
667076	5975	5.8914	2	2.9392	1.0063	777.4349	1.006	3	3	CID-SRM
667076	5976	5.8923	2	2.8687	0.98184	724.397	0.9818	3	3	CID-SRM
667076	5977	5.8933	2	2.8298	0.95902	540.8109	0.959	3	3	CID-SRM
667076	5978	5.8942	2	2.7653	0.93898	763.459	0.939	3	3	CID-SRM
667076	5979	5.8952	2	2.7535	0.94608	1072.566	0.9461	3	3	CID-SRM
667076	5980	5.8961	2	2.7999	0.971	1239.625	0.971	3	3	CID-SRM
667076	5981	5.8971	2	2.7803	0.95681	1034.525	0.9568	3	3	CID-SRM
667076	5982	5.8980	2	2.7107	0.93601	1030.098	0.936	3	3	CID-SRM
667076	5983	5.8990	2	2.9236	1.0096	1219.5291	1.01	3	3	CID-SRM
667076	5984	5.8999	2	2.93	1.0691	1341.679	1.069	3	3	CID-SRM
667076	5985	5.9011	2	260.33	159.47	263.661	159.5	3	3	CID-SRM
667076	5986	5.9021	2	4.0488	2.1164	583.7999	2.115	3	3	CID-SRM
667076	5987	5.9030	2	2.9083	0.98992	624.407	0.9899	3	3	CID-SRM
667076	5988	5.9039	2	2.7935	0.9365	615.396	0.9365	3	3	CID-SRM
667076	5989	5.9048	2	3.6715	0.96039	685.391	0.9604	4	4	CID-SRM
667076	5990	5.9061	2	2.8106	0.94458	506.33	0.9446	3	3	CID-SRM
667076	5991	5.9070	2	2.7786	0.94144	766.478	0.9414	3	3	CID-SRM
667076	5992	5.9080	2	3.7165	0.94033	784.382	0.9403	4	4	CID-SRM
667076	5993	5.9093	2	2.7809	0.94439	560.2889	0.9444	3	3	CID-SRM
667076	5994	5.9102	2	2.7535	0.92081	824.486	0.9208	3	3	CID-SRM
667076	5995	5.9111	2	2.7675	0.94104	213.16	0.941	3	3	CID-SRM
667076	5996	5.9121	2	2.7381	0.93348	510.784	0.9335	3	3	CID-SRM
667076	5997	5.9130	2	2.7783	0.94364	989.588	0.9436	3	3	CID-SRM
667076	5998	5.9140	2	2.7661	0.94456	724.397	0.9446	3	3	CID-SRM
667076	5999	5.9149	2	2.7509	0.93305	854.5189	0.933	3	3	CID-SRM
667076	6000	5.9158	2	2.746	0.94688	252.18	0.9469	3	3	CID-SRM
