Dataset	ScanNumber	ScanTime	ScanType	TotalIonIntensity	BasePeakIntensity	BasePeakMZ	BasePeakSignalToNoiseRatio	IonCount	IonCountRaw	ScanTypeName
0	45000	78.5370	2	69374	18345	302.3067	17.4	7	23	HCD-HMSn
0	45001	78.5393	2	56660	38134	209.3212	34.43	1	8	HCD-HMSn
0	45002	78.5415	2	67123	16257	302.311	11.08	6	20	HCD-HMSn
0	45003	78.5437	2	40152	15583	211.5761	14.35	2	14	HCD-HMSn
0	45004	78.5450	1	7.1427E+08	2.0674E+07	811.4067	98.54	1114	1114	MS
0	45005	78.5463	2	178981	37251	1297.7268	10.44	6	19	HCD-HMSn
0	45006	78.5480	2	43587	17640	302.2861	10.15	1	12	HCD-HMSn
0	45007	78.5500	2	228859	20188	120.081	13.48	18	74	HCD-HMSn
0	45008	78.5522	2	64332	12405	302.3064	9.548	5	21	HCD-HMSn
0	45009	78.5543	2	105020	16552	210.0547	13.02	10	39	HCD-HMSn
0	45010	78.5565	2	38611	18919	210.0101	19.47	2	10	HCD-HMSn
0	45011	78.5587	2	20967	6093.8	302.2793	6.524	2	10	HCD-HMSn
0	45012	78.5608	2	154759	10884	120.0809	8.23	14	66	HCD-HMSn
0	45013	78.5630	2	135692	15287	120.0811	9.234	11	48	HCD-HMSn
0	45014	78.5653	2	48869	17677	302.2971	15.14	2	18	HCD-HMSn
0	45015	78.5675	2	61973	38925	209.2692	36.95	1	11	HCD-HMSn
0	45016	78.5697	2	51083	10132	211.5802	9.417	6	15	HCD-HMSn
0	45017	78.5710	1	6.1251E+08	2.9504E+07	798.757	158.1	1071	1071	MS
0	45018	78.5722	2	513470	81135	302.285	7.702	4	25	HCD-HMSn
0	45019	78.5743	2	48212	10590	302.2942	9.115	2	20	HCD-HMSn
0	45020	78.5765	2	102092	29108	209.7452	23.93	7	18	HCD-HMSn
0	45021	78.5787	2	72019	31329	209.2875	29.5	4	15	HCD-HMSn
0	45022	78.5793	2	519529	296080	209.2621	30.27	2	15	HCD-HMSn
0	45023	78.5815	2	73083	14585	302.3066	8.446	8	22	HCD-HMSn
0	45024	78.5837	2	30094	10559	302.283	9.49	2	13	HCD-HMSn
0	45025	78.5858	2	41849	6322.3	302.2797	5.839	4	21	HCD-HMSn
0	45026	78.5880	2	85028	32382	209.4266	24.98	6	25	HCD-HMSn
0	45027	78.5902	2	60720	22081	209.3114	23.7	4	15	HCD-HMSn
0	45028	78.5923	2	191483	86594	604.3646	65.39	9	32	HCD-HMSn
0	45029	78.5945	2	47507	11304	211.58	8.244	3	16	HCD-HMSn
0	45030	78.5960	1	7.3743E+08	5.1329E+07	798.7573	271.5	1228	1228	MS
0	45031	78.5995	2	37674	10261	302.3181	10.13	2	13	HCD-HMSn
0	45032	78.6017	2	50990	36483	209.3682	30.94	2	6	HCD-HMSn
0	45033	78.6027	2	336148	41887	116.0708	7.859	8	27	HCD-HMSn
0	45034	78.6048	2	159608	12858	282.1443	8.275	13	60	HCD-HMSn
0	45035	78.6070	2	223063	30347	228.1345	21.57	14	62	HCD-HMSn
0	45036	78.6092	2	53482	15972	120.081	12.55	3	18	HCD-HMSn
0	45037	78.6113	2	262061	50482	322.1878	25.54	19	47	HCD-HMSn
0	45038	78.6135	2	158966	32737	129.1025	19.83	12	45	HCD-HMSn
0	45039	78.6157	2	76907	17837	302.3092	13.54	2	34	HCD-HMSn
0	45040	78.6180	2	32869	14637	302.3121	13.37	1	14	HCD-HMSn
0	45041	78.6202	2	52589	29735	209.8939	28.85	1	15	HCD-HMSn
0	45042	78.6223	2	31210	16212	211.5695	18.25	1	12	HCD-HMSn
0	45043	78.6237	1	9.6923E+08	9.09E+07	798.7579	469.6	1433	1433	MS
0	45044	78.6258	2	245559	28816	201.1234	18.63	19	50	HCD-HMSn
0	45045	78.6280	2	57672	34743	209.4438	28.99	2	11	HCD-HMSn
0	45046	78.6297	2	167801	26455	209.2089	13.25	9	32	HCD-HMSn
0	45047	78.6313	2	185105	23718	159.0917	12.44	11	41	HCD-HMSn
0	45048	78.6333	2	597926	99470	120.081	51.18	36	115	HCD-HMSn
0	45049	78.6353	2	585322	54446	120.0811	22.43	38	111	HCD-HMSn
0	45050	78.6375	2	322337	22581	120.081	13.61	30	88	HCD-HMSn
0	45051	78.6397	2	279915	54791	187.1441	38.88	16	64	HCD-HMSn
0	45052	78.6418	2	254856	38969	120.081	27.43	17	60	HCD-HMSn
0	45053	78.6440	2	127886	13883	302.3036	9.362	11	39	HCD-HMSn
0	45054	78.6463	2	66373	10639	302.2913	7.923	3	30	HCD-HMSn
0	45055	78.6485	2	68946	17575	211.5662	14.89	5	31	HCD-HMSn
0	45056	78.6498	1	9.3394E+08	1.0555E+08	798.7575	493	1234	1234	MS
0	45057	78.6510	2	156208	47342	302.2884	12.35	2	20	HCD-HMSn
0	45058	78.6532	2	69873	36516	209.2008	33.08	2	17	HCD-HMSn
0	45059	78.6553	2	113444	22945	210.2162	18.65	7	36	HCD-HMSn
0	45060	78.6575	2	20922	7124.5	302.317	7.484	1	11	HCD-HMSn
0	45061	78.6587	2	988088	67584	429.2459	13.53	29	80	HCD-HMSn
0	45062	78.6608	2	572060	35650	322.1871	16.44	46	126	HCD-HMSn
0	45063	78.6630	2	31930	9875.7	302.3178	8.93	1	14	HCD-HMSn
0	45064	78.6652	2	109837	13666	302.2869	10.28	9	43	HCD-HMSn
0	45065	78.6673	2	186605	27418	110.0718	15.26	15	52	HCD-HMSn
0	45066	78.6697	2	72828	18421	120.0809	12.26	6	21	HCD-HMSn
0	45067	78.6718	2	31837	8300.9	302.2796	7.4	1	15	HCD-HMSn
0	45068	78.6740	2	97555	11445	211.5536	8.493	10	36	HCD-HMSn
0	45069	78.6753	1	1.3771E+09	1.6049E+08	798.7575	524.8	1235	1235	MS
0	45070	78.6765	2	411705	44434	244.1646	8.712	12	44	HCD-HMSn
0	45071	78.6787	2	383983	74849	120.081	42.9	31	98	HCD-HMSn
0	45072	78.6793	2	174789	63219	302.3196	8.642	2	9	HCD-HMSn
0	45073	78.6817	2	156345	27758	202.0826	19.17	9	40	HCD-HMSn
0	45074	78.6837	2	33616	8673.1	302.3171	8.818	2	15	HCD-HMSn
0	45075	78.6858	2	170269	21244	120.0809	15.13	13	49	HCD-HMSn
0	45076	78.6880	2	87599	12119	302.3123	7.917	7	36	HCD-HMSn
0	45077	78.6902	2	57628	11713	302.2905	8.8	3	27	HCD-HMSn
0	45078	78.6923	2	471649	105593	120.0811	53.83	40	100	HCD-HMSn
0	45079	78.6945	2	168040	14779	302.2997	10.39	14	57	HCD-HMSn
0	45080	78.6967	2	255125	28206	120.0809	18.41	22	74	HCD-HMSn
0	45081	78.6988	2	322974	19312	616.3795	12.77	29	82	HCD-HMSn
0	45082	78.7003	1	1.2182E+09	1.3686E+08	798.7571	527	1184	1184	MS
0	45083	78.7023	2	94799	13485	210.273	10.01	10	34	HCD-HMSn
0	45084	78.7045	2	61413	22339	209.8892	23.75	3	19	HCD-HMSn
0	45085	78.7067	2	24394	11376	302.3111	11.56	1	11	HCD-HMSn
0	45086	78.7083	2	752608	70156	110.0716	22.94	36	99	HCD-HMSn
0	45087	78.7105	2	55027	14007	302.291	10.58	2	23	HCD-HMSn
0	45088	78.7127	2	416499	63376	803.4394	36.04	28	94	HCD-HMSn
0	45089	78.7148	2	197858	37032	209.335	20.63	16	47	HCD-HMSn
0	45090	78.7170	2	168649	37641	120.081	22.4	16	46	HCD-HMSn
0	45091	78.7193	2	126866	26235	944.5159	16.86	12	37	HCD-HMSn
0	45092	78.7215	2	307199	44080	110.0717	29.16	23	83	HCD-HMSn
0	45093	78.7237	2	314056	37216	110.0718	17.78	23	69	HCD-HMSn
0	45094	78.7258	2	78019	14381	171.1493	12.27	8	20	HCD-HMSn
0	45095	78.7272	1	1.2239E+09	1.2147E+08	798.7571	494.1	1224	1224	MS
0	45096	78.7293	2	380992	20563	104.0532	12.39	37	96	HCD-HMSn
0	45097	78.7315	2	52834	10865	302.2947	9.639	5	17	HCD-HMSn
0	45098	78.7337	2	153392	21118	209.4151	17.52	11	49	HCD-HMSn
0	45099	78.7358	2	76819	11391	120.0809	7.807	7	29	HCD-HMSn
0	45100	78.7372	2	1.195E+06	71416	186.0874	16.35	48	114	HCD-HMSn
0	45101	78.7392	2	1.232E+06	119600	385.2555	53.6	65	169	HCD-HMSn
0	45102	78.7413	2	35394	13155	302.2911	12.56	1	17	HCD-HMSn
0	45103	78.7435	2	110103	12407	302.2832	9.991	11	34	HCD-HMSn
0	45104	78.7457	2	43894	9678.2	302.28	8.735	4	20	HCD-HMSn
0	45105	78.7480	2	52557	10641	302.2816	9.657	3	21	HCD-HMSn
0	45106	78.7502	2	67408	32525	209.4993	31.86	3	18	HCD-HMSn
0	45107	78.7523	2	48339	15297	211.5626	12.07	3	18	HCD-HMSn
0	45108	78.7537	1	1.3186E+09	1.0809E+08	798.7568	359.4	1221	1221	MS
0	45109	78.7572	2	231446	22390	692.3671	15.17	15	71	HCD-HMSn
0	45110	78.7593	2	297269	33895	209.2564	20.25	25	75	HCD-HMSn
0	45111	78.7602	2	267388	73773	120.081	11.73	3	15	HCD-HMSn
0	45112	78.7623	2	89972	19252	209.6236	14.57	7	22	HCD-HMSn
0	45113	78.7645	2	22501	9238.5	302.311	10.53	1	12	HCD-HMSn
0	45114	78.7655	2	680396	93975	209.8487	15.68	19	46	HCD-HMSn
0	45115	78.7672	2	32825	12702	302.2935	9.258	1	9	HCD-HMSn
0	45116	78.7693	2	32437	6288.5	120.0805	6.781	2	17	HCD-HMSn
0	45117	78.7715	2	19193	9685.3	302.3182	7.337	1	4	HCD-HMSn
0	45118	78.7737	2	29214	8987.4	302.3213	8.646	1	8	HCD-HMSn
0	45119	78.7758	2	28413	8669.3	302.3204	8.185	2	11	HCD-HMSn
0	45120	78.7782	2	236143	22313	120.0811	13.68	21	68	HCD-HMSn
0	45121	78.7795	1	344459	128576	302.3088	8.201	9	9	MS
0	45122	78.7817	2	64809	11114	302.3177	8.107	7	20	HCD-HMSn
0	45123	78.7838	2	69993	23190	209.6255	21.03	2	26	HCD-HMSn
0	45124	78.7860	2	90308	24315	209.7923	18.4	8	24	HCD-HMSn
0	45125	78.7882	2	32008	9127.6	302.2832	8.52	3	12	HCD-HMSn
0	45126	78.7903	2	62979	11598	302.3099	8.943	2	33	HCD-HMSn
0	45127	78.7925	2	295284	34317	136.0759	23.93	20	87	HCD-HMSn
0	45128	78.7940	1	9.8794E+08	5.9981E+07	798.7577	247.5	1344	1344	MS
0	45129	78.7962	2	30028	15975	302.2923	15.1	2	9	HCD-HMSn
0	45130	78.7983	2	47944	24217	209.7648	19.74	2	9	HCD-HMSn
0	45131	78.8005	2	26329	6164.5	132.102	6.017	2	12	HCD-HMSn
0	45132	78.8027	2	569672	115928	110.0716	59.31	33	98	HCD-HMSn
0	45133	78.8048	2	43275	20102	209.935	15.27	2	11	HCD-HMSn
0	45134	78.8070	2	27204	6142	302.3212	5.974	1	14	HCD-HMSn
0	45135	78.8085	2	929211	49458	129.1024	17.47	51	146	HCD-HMSn
0	45136	78.8102	2	594192	106995	914.5086	32.59	18	62	HCD-HMSn
0	45137	78.8118	2	686771	86723	120.081	15.98	14	86	HCD-HMSn
0	45138	78.8140	2	523156	38086	120.081	21.42	44	144	HCD-HMSn
0	45139	78.8162	2	338271	59508	120.0811	35.32	24	69	HCD-HMSn
0	45140	78.8183	2	318402	47255	1074.5941	25.54	26	69	HCD-HMSn
0	45141	78.8197	1	8.952E+08	3.499E+07	798.7577	143.7	1351	1351	MS
0	45142	78.8218	2	61324	7137.4	302.2788	5.363	7	23	HCD-HMSn
0	45143	78.8240	2	323328	27214	129.1025	17.6	27	99	HCD-HMSn
0	45144	78.8255	2	552862	54623	209.5329	17.63	24	76	HCD-HMSn
0	45145	78.8277	2	18945	7850.1	302.3147	8.191	1	10	HCD-HMSn
0	45146	78.8298	2	351829	40040	200.103	21.84	23	63	HCD-HMSn
0	45147	78.8320	2	90501	26187	209.9021	23.77	7	35	HCD-HMSn
0	45148	78.8342	2	17943	8286.8	302.2884	7.884	0	8	HCD-HMSn
0	45149	78.8360	2	730949	43186	274.187	16.48	42	114	HCD-HMSn
0	45150	78.8382	2	189256	15342	302.3035	9.131	14	64	HCD-HMSn
0	45151	78.8403	2	584935	101666	385.2559	51.81	32	110	HCD-HMSn
0	45152	78.8425	2	97720	15400	903.4933	11.71	9	32	HCD-HMSn
0	45153	78.8447	2	482998	97363	136.0758	56.79	32	102	HCD-HMSn
0	45154	78.8462	1	9.2473E+08	4.6943E+07	841.7763	205.9	1480	1480	MS
0	45155	78.8497	2	73548	24375	209.5993	17.08	4	16	HCD-HMSn
0	45156	78.8513	2	69684	17010	302.2909	11.61	4	22	HCD-HMSn
0	45157	78.8525	2	502300	44531	136.0758	9.707	21	60	HCD-HMSn
0	45158	78.8540	2	693027	44429	129.1024	14.24	31	73	HCD-HMSn
0	45159	78.8562	2	61888	16041	302.295	12.86	2	18	HCD-HMSn
0	45160	78.8583	2	506436	105635	385.2557	58.73	26	97	HCD-HMSn
0	45161	78.8605	2	667600	123763	110.0717	63.8	43	105	HCD-HMSn
0	45162	78.8623	2	925362	65478	801.4246	23.58	48	142	HCD-HMSn
0	45163	78.8645	2	166043	34129	209.3289	22.31	15	44	HCD-HMSn
0	45164	78.8667	2	71882	14139	136.076	11.39	5	23	HCD-HMSn
0	45165	78.8688	2	109374	10923	302.3171	8.36	7	52	HCD-HMSn
0	45166	78.8710	2	53380	13053	211.5739	10.5	2	23	HCD-HMSn
0	45167	78.8725	1	9.6483E+08	6.085E+07	841.7762	260.5	1397	1397	MS
0	45168	78.8747	2	554309	80396	655.36	43.92	31	91	HCD-HMSn
0	45169	78.8768	2	47539	8442.1	302.3154	7.024	4	21	HCD-HMSn
0	45170	78.8787	2	564351	33563	147.0764	13.54	36	96	HCD-HMSn
0	45171	78.8808	2	800372	32104	642.3817	16.52	69	184	HCD-HMSn
0	45172	78.8828	2	562993	39823	792.3848	18.62	38	119	HCD-HMSn
0	45173	78.8850	2	71320	26147	209.8547	27.43	3	16	HCD-HMSn
0	45174	78.8872	2	52829	29765	209.5533	29.32	2	13	HCD-HMSn
0	45175	78.8892	2	146516	67655	549.3158	47.69	8	32	HCD-HMSn
0	45176	78.8913	2	556548	28258	310.1762	15.15	45	137	HCD-HMSn
0	45177	78.8937	2	32878	13436	302.3091	11.75	1	15	HCD-HMSn
0	45178	78.8958	2	378839	23305	272.1245	14.08	34	104	HCD-HMSn
0	45179	78.8980	2	455003	31121	173.1285	18.47	38	129	HCD-HMSn
0	45180	78.8993	1	1.1159E+09	6.6032E+07	841.7757	242.2	1314	1314	MS
0	45181	78.9005	2	1.5845E+06	204523	813.5192	29.16	25	66	HCD-HMSn
0	45182	78.9027	2	81152	7327.7	302.2805	5.476	7	34	HCD-HMSn
0	45183	78.9048	2	324743	41756	120.081	22.99	31	90	HCD-HMSn
0	45184	78.9068	2	283621	35125	129.1024	18.23	13	63	HCD-HMSn
0	45185	78.9090	2	399290	36680	244.1654	18.74	29	104	HCD-HMSn
0	45186	78.9112	2	165631	35474	187.1441	24.23	8	52	HCD-HMSn
0	45187	78.9133	2	151071	30011	209.8289	14.97	9	41	HCD-HMSn
0	45188	78.9155	2	60656	10000	302.3167	8.283	5	26	HCD-HMSn
0	45189	78.9177	2	251634	18119	173.1287	10.75	19	86	HCD-HMSn
0	45190	78.9198	2	2.0126E+06	787253	654.3569	395.6	61	169	HCD-HMSn
0	45191	78.9220	2	358396	43649	136.0758	25.93	29	94	HCD-HMSn
0	45192	78.9242	2	122962	11344	211.576	8.172	12	44	HCD-HMSn
0	45193	78.9255	1	1.2448E+09	5.8145E+07	841.7755	194.7	1359	1359	MS
0	45194	78.9290	2	141039	14238	302.3018	10.11	13	46	HCD-HMSn
0	45195	78.9313	2	326172	33222	209.5701	20.19	23	91	HCD-HMSn
0	45196	78.9322	2	182325	32535	302.319	7.664	4	20	HCD-HMSn
0	45197	78.9342	2	620565	63396	199.1805	26.14	32	97	HCD-HMSn
0	45198	78.9363	2	326172	64880	120.081	37.97	26	64	HCD-HMSn
0	45199	78.9385	2	63209	16081	209.2306	18.07	5	21	HCD-HMSn
0	45200	78.9397	2	475954	54743	383.2077	10.74	17	46	HCD-HMSn
0	45201	78.9418	2	473310	88188	961.5707	50.17	26	81	HCD-HMSn
0	45202	78.9437	2	971531	237211	813.5206	100.8	37	137	HCD-HMSn
0	45203	78.9450	2	106886	21192	302.2893	8.576	5	21	HCD-HMSn
0	45204	78.9472	2	291899	35483	173.1287	22.27	22	94	HCD-HMSn
0	45205	78.9493	2	304620	50191	129.1024	29.78	24	89	HCD-HMSn
0	45206	78.9507	1	1.0827E+09	4.2612E+07	841.7756	157.7	1335	1335	MS
0	45207	78.9518	2	1.5019E+06	110552	310.2122	21.73	40	96	HCD-HMSn
0	45208	78.9537	2	633452	70213	120.0811	29.23	29	81	HCD-HMSn
0	45209	78.9543	2	1.8685E+06	400650	209.5863	15.6	10	26	HCD-HMSn
0	45210	78.9553	2	132673	32639	302.3199	7.377	4	10	HCD-HMSn
0	45211	78.9575	2	241134	15810	302.2854	10.47	26	78	HCD-HMSn
0	45212	78.9597	2	60688	33253	209.4051	26.25	1	14	HCD-HMSn
0	45213	78.9618	2	75660	24910	209.9892	24.73	7	26	HCD-HMSn
0	45214	78.9640	2	33702	9784.6	302.3123	9.766	3	14	HCD-HMSn
0	45215	78.9652	2	821648	97887	1148.6442	21.34	23	64	HCD-HMSn
0	45216	78.9672	2	184569	44531	120.081	29.67	8	26	HCD-HMSn
0	45217	78.9693	2	387421	39763	136.0758	21.06	31	91	HCD-HMSn
0	45218	78.9715	2	392259	42705	203.1212	26.53	31	86	HCD-HMSn
0	45219	78.9728	1	1.0319E+09	3.1858E+07	841.7753	118.4	1299	1299	MS
0	45220	78.9750	2	57987	18097	302.3031	15.54	4	20	HCD-HMSn
0	45221	78.9772	2	88205	32375	209.7078	24.84	3	28	HCD-HMSn
0	45222	78.9783	2	176371	43782	173.1286	10.87	6	18	HCD-HMSn
0	45223	78.9795	2	721279	121971	120.0811	28.56	22	63	HCD-HMSn
0	45224	78.9817	2	190845	17012	110.0717	7.921	15	47	HCD-HMSn
0	45225	78.9838	2	346244	22273	120.081	11.68	30	88	HCD-HMSn
0	45226	78.9862	2	61840	8118.8	302.3183	6.78	6	26	HCD-HMSn
0	45227	78.9883	2	181749	32617	748.4626	22.12	14	50	HCD-HMSn
0	45228	78.9905	2	180819	17473	650.3732	11.96	18	55	HCD-HMSn
0	45229	78.9927	2	81570	32719	209.3628	22.88	5	21	HCD-HMSn
0	45230	78.9948	2	89600	18065	136.0758	11.92	7	22	HCD-HMSn
0	45231	78.9970	2	272143	26141	129.1024	16.41	28	79	HCD-HMSn
0	45232	78.9983	1	1.0681E+09	2.2947E+07	685.8889	76.23	1273	1273	MS
0	45233	79.0005	2	355535	32601	209.2327	18.75	27	70	HCD-HMSn
0	45234	79.0027	2	98648	11045	302.3165	9.523	12	42	HCD-HMSn
0	45235	79.0048	2	101834	15927	210.1741	11.44	7	31	HCD-HMSn
0	45236	79.0070	2	27553	14695	210.5128	14.65	2	4	HCD-HMSn
0	45237	79.0092	2	21794	11885	302.3021	13.66	0	11	HCD-HMSn
0	45238	79.0105	2	477850	78403	120.081	25.51	20	75	HCD-HMSn
0	45239	79.0127	2	229040	15828	302.2947	9.973	18	86	HCD-HMSn
0	45240	79.0150	2	167102	28861	120.081	17.55	14	49	HCD-HMSn
0	45241	79.0172	2	569690	95403	654.357	52.61	37	100	HCD-HMSn
0	45242	79.0193	2	125279	11614	302.3013	9.757	9	47	HCD-HMSn
0	45243	79.0215	2	203398	23638	120.081	15.3	14	64	HCD-HMSn
0	45244	79.0237	2	103428	12500	211.549	7.586	10	30	HCD-HMSn
0	45245	79.0250	1	9.9736E+08	2.9676E+07	685.8891	100.8	1303	1303	MS
0	45246	79.0272	2	86187	20848	120.081	18.59	8	28	HCD-HMSn
0	45247	79.0293	2	109729	18487	120.0809	13.73	7	49	HCD-HMSn
0	45248	79.0307	2	864669	59858	147.0765	18.94	34	83	HCD-HMSn
0	45249	79.0328	2	77471	24262	209.6431	23.18	5	22	HCD-HMSn
0	45250	79.0350	2	26378	10291	302.298	10.69	1	13	HCD-HMSn
0	45251	79.0367	2	304158	68556	120.0811	26.62	21	52	HCD-HMSn
0	45252	79.0382	2	327596	51991	209.3653	25.05	13	64	HCD-HMSn
0	45253	79.0403	2	187435	29275	209.6782	21.77	16	50	HCD-HMSn
0	45254	79.0425	2	49334	28342	209.2625	32.15	2	10	HCD-HMSn
0	45255	79.0447	2	131990	24988	120.0811	18.67	11	37	HCD-HMSn
0	45256	79.0468	2	321310	21355	201.0873	12.49	32	88	HCD-HMSn
0	45257	79.0490	2	185397	57953	765.4359	40.37	11	37	HCD-HMSn
0	45258	79.0503	1	8.7386E+08	3.1479E+07	685.8894	114	1294	1294	MS
0	45259	79.0515	2	629461	79913	185.1649	8.846	10	31	HCD-HMSn
0	45260	79.0530	2	645771	57198	284.1239	15.78	26	76	HCD-HMSn
0	45261	79.0540	2	1.0768E+06	120441	104.0533	26.41	25	94	HCD-HMSn
0	45262	79.0553	2	56685	11683	302.2812	6.683	3	12	HCD-HMSn
0	45263	79.0575	2	291920	58503	136.0758	31.6	20	66	HCD-HMSn
0	45264	79.0597	2	23926	7205.6	302.3194	6.744	1	11	HCD-HMSn
0	45265	79.0610	2	625017	72883	120.081	21.83	24	80	HCD-HMSn
0	45266	79.0627	2	435892	36444	136.0758	13.4	27	76	HCD-HMSn
0	45267	79.0648	2	475228	26208	217.1368	13.32	44	125	HCD-HMSn
0	45268	79.0668	2	725849	44274	136.0759	20.99	49	132	HCD-HMSn
0	45269	79.0692	2	533252	74527	284.1242	31.71	29	75	HCD-HMSn
0	45270	79.0713	2	141419	29392	120.0811	19.5	11	45	HCD-HMSn
0	45271	79.0727	1	7.5989E+08	2.9836E+07	685.8895	124	1321	1321	MS
0	45272	79.0748	2	102475	23954	136.0759	17.84	6	23	HCD-HMSn
0	45273	79.0770	2	47825	15676	302.3053	14.31	2	22	HCD-HMSn
0	45274	79.0780	2	788318	70152	214.1188	8.885	17	49	HCD-HMSn
0	45275	79.0797	2	582338	70674	120.081	27.43	32	98	HCD-HMSn
0	45276	79.0813	2	35427	16044	302.3083	11.79	1	11	HCD-HMSn
0	45277	79.0835	2	205317	51145	225.0983	36.59	14	53	HCD-HMSn
0	45278	79.0858	2	46689	21889	209.7419	14.15	2	6	HCD-HMSn
0	45279	79.0880	2	34053	24187	210.1228	20.65	2	5	HCD-HMSn
0	45280	79.0902	2	18790	6006.5	302.3181	6.583	1	10	HCD-HMSn
0	45281	79.0917	2	300011	35164	173.1288	14.3	13	60	HCD-HMSn
0	45282	79.0938	2	354041	149663	977.5443	97.63	13	55	HCD-HMSn
0	45283	79.0960	2	423143	24458	663.3474	12.72	40	97	HCD-HMSn
0	45284	79.0973	1	8.1274E+08	3.0409E+07	685.8894	128.9	1424	1424	MS
0	45285	79.1007	2	507947	24585	210.0128	11.91	34	106	HCD-HMSn
0	45286	79.1028	2	60349	33372	209.2872	37.26	4	14	HCD-HMSn
0	45287	79.1048	2	115709	18296	210.0209	9.808	10	28	HCD-HMSn
0	45288	79.1070	2	21820	10586	302.303	10.45	1	6	HCD-HMSn
0	45289	79.1083	2	436111	45331	120.081	14.18	18	66	HCD-HMSn
0	45290	79.1105	2	313163	28654	210.0383	15.66	26	74	HCD-HMSn
0	45291	79.1127	2	31321	14036	302.289	14.96	1	15	HCD-HMSn
0	45292	79.1150	2	55991	34895	209.3065	31.14	2	9	HCD-HMSn
0	45293	79.1172	2	110507	14233	120.081	11.26	9	40	HCD-HMSn
0	45294	79.1193	2	40260	11270	302.3159	9.917	3	15	HCD-HMSn
0	45295	79.1215	2	68451	13746	302.2892	12.36	6	27	HCD-HMSn
0	45296	79.1237	2	209708	36581	120.081	24.02	15	64	HCD-HMSn
0	45297	79.1252	1	8.7993E+08	2.8857E+07	685.8893	106.4	1351	1351	MS
0	45298	79.1273	2	142443	33335	209.5119	23.21	10	45	HCD-HMSn
0	45299	79.1295	2	159773	26334	312.1914	17.27	11	28	HCD-HMSn
0	45300	79.1307	2	690990	51403	584.3762	13.27	31	71	HCD-HMSn
0	45301	79.1322	2	274860	19752	302.2922	8.242	16	63	HCD-HMSn
0	45302	79.1343	2	505873	61394	792.3883	32.71	31	91	HCD-HMSn
0	45303	79.1365	2	574321	27926	120.0811	14.88	47	138	HCD-HMSn
0	45304	79.1385	2	42494	12059	302.2809	13.31	2	15	HCD-HMSn
0	45305	79.1408	2	56396	21258	209.385	18.93	2	11	HCD-HMSn
0	45306	79.1430	2	51722	14135	302.3049	14.2	6	19	HCD-HMSn
0	45307	79.1450	2	218485	15004	486.2918	7.257	18	65	HCD-HMSn
0	45308	79.1467	2	491475	33561	244.1654	13.33	29	92	HCD-HMSn
0	45309	79.1488	2	264148	33942	215.139	22.39	25	74	HCD-HMSn
0	45310	79.1502	1	8.1718E+08	2.0922E+07	685.8891	84.06	1299	1299	MS
0	45311	79.1523	2	372735	29814	141.1022	19.02	26	87	HCD-HMSn
0	45312	79.1545	2	232565	31939	129.1023	19.33	16	75	HCD-HMSn
0	45313	79.1567	2	737392	48655	136.0759	21.45	56	160	HCD-HMSn
0	45314	79.1587	2	646052	70612	110.0717	35.67	34	104	HCD-HMSn
0	45315	79.1600	2	305735	77673	209.3522	20.07	10	29	HCD-HMSn
0	45316	79.1615	2	244254	42209	201.1234	14.18	13	32	HCD-HMSn
0	45317	79.1633	2	39227	12334	302.2922	11.63	2	13	HCD-HMSn
0	45318	79.1655	2	435598	30746	209.2458	17.1	37	122	HCD-HMSn
0	45319	79.1675	2	177961	22611	199.1805	11.19	17	41	HCD-HMSn
0	45320	79.1697	2	44951	15383	302.297	13.98	4	14	HCD-HMSn
0	45321	79.1718	2	38115	7734.9	302.3205	6.713	3	14	HCD-HMSn
0	45322	79.1728	2	2.3196E+06	142049	215.1389	15.89	44	108	HCD-HMSn
0	45323	79.1742	1	9.1406E+08	2.3298E+07	726.4774	83.78	1248	1248	MS
0	45324	79.1765	2	1.8314E+06	315812	120.081	43.76	30	87	HCD-HMSn
0	45325	79.1777	2	1.0688E+06	181720	120.081	33.81	28	89	HCD-HMSn
0	45326	79.1790	2	368810	31217	173.1284	9.648	17	57	HCD-HMSn
0	45327	79.1813	2	516409	60500	129.1025	30.16	33	88	HCD-HMSn
0	45328	79.1833	2	117584	16072	209.4241	13.1	10	33	HCD-HMSn
0	45329	79.1855	2	70514	21799	120.081	20.43	4	23	HCD-HMSn
0	45330	79.1867	2	1.0607E+06	114430	200.1032	24.96	31	96	HCD-HMSn
0	45331	79.1888	2	391797	104377	136.0759	63.94	26	85	HCD-HMSn
0	45332	79.1910	2	240724	23834	183.1494	15.25	20	55	HCD-HMSn
0	45333	79.1930	2	46721	14177	302.2956	11.06	1	16	HCD-HMSn
0	45334	79.1952	2	294809	33571	120.081	19.21	23	69	HCD-HMSn
0	45335	79.1973	2	99283	14787	211.5739	8.127	9	27	HCD-HMSn
0	45336	79.1987	1	8.4724E+08	2.6369E+07	635.3505	111	1242	1242	MS
0	45337	79.2008	2	169733	19873	143.118	14.46	13	53	HCD-HMSn
0	45338	79.2030	2	380543	23978	209.2534	12.88	35	92	HCD-HMSn
0	45339	79.2047	2	260173	48973	209.2142	24.62	14	53	HCD-HMSn
0	45340	79.2067	2	343109	34253	171.113	22.16	27	60	HCD-HMSn
0	45341	79.2088	2	33821	10550	302.2975	11.86	3	16	HCD-HMSn
0	45342	79.2110	2	389334	52278	120.0811	30.35	27	82	HCD-HMSn
0	45343	79.2132	2	120942	23654	210.3811	17.19	10	37	HCD-HMSn
0	45344	79.2153	2	24956	14934	302.3095	16.63	2	7	HCD-HMSn
0	45345	79.2177	2	47653	30209	209.9404	26.99	2	10	HCD-HMSn
0	45346	79.2198	2	61206	31554	209.3383	28.67	3	12	HCD-HMSn
0	45347	79.2218	2	239022	29886	593.3428	17.74	21	68	HCD-HMSn
0	45348	79.2242	2	131180	26703	961.5687	14.75	10	29	HCD-HMSn
0	45349	79.2255	1	1.0168E+09	3.4672E+07	635.3505	120.2	1187	1187	MS
0	45350	79.2267	2	598279	240018	302.2969	14.55	2	16	HCD-HMSn
0	45351	79.2277	2	284710	32291	302.3051	6.633	10	34	HCD-HMSn
0	45352	79.2283	2	1.5575E+06	301079	104.0532	24.85	13	58	HCD-HMSn
0	45353	79.2300	2	932428	56221	201.1233	19.31	44	121	HCD-HMSn
0	45354	79.2322	2	66565	18889	210.2097	15.29	5	19	HCD-HMSn
0	45355	79.2343	2	33372	12120	210.5318	14.3	2	9	HCD-HMSn
0	45356	79.2363	2	51459	23402	209.4438	22.11	2	14	HCD-HMSn
0	45357	79.2385	2	66128	9831.6	136.0761	9.596	7	29	HCD-HMSn
0	45358	79.2397	2	910583	133044	129.1024	26.92	25	80	HCD-HMSn
0	45359	79.2418	2	344109	40828	244.1654	28.16	22	75	HCD-HMSn
0	45360	79.2440	2	520753	49434	120.0811	28.14	43	145	HCD-HMSn
0	45361	79.2458	2	161174	33448	120.0811	16.61	10	35	HCD-HMSn
0	45362	79.2472	1	1.0162E+09	3.5929E+07	635.3504	121	1179	1179	MS
0	45363	79.2493	2	185548	19067	110.0717	12.89	17	52	HCD-HMSn
0	45364	79.2515	2	214534	19357	129.1025	12.46	16	65	HCD-HMSn
0	45365	79.2537	2	112592	10995	302.3145	8.18	9	46	HCD-HMSn
0	45366	79.2553	2	422181	48703	209.5858	22.7	19	72	HCD-HMSn
0	45367	79.2573	2	46193	8327.1	302.2825	7.737	4	16	HCD-HMSn
0	45368	79.2595	2	380446	28505	229.1183	15.86	32	100	HCD-HMSn
0	45369	79.2617	2	356248	31178	787.4619	20.69	31	99	HCD-HMSn
0	45370	79.2638	2	356246	29875	120.081	16.57	30	98	HCD-HMSn
0	45371	79.2660	2	198473	19525	120.0811	12.5	16	63	HCD-HMSn
0	45372	79.2682	2	183932	31502	767.4355	19.53	11	42	HCD-HMSn
0	45373	79.2705	2	55040	10506	302.3101	8.227	3	22	HCD-HMSn
0	45374	79.2727	2	120875	15125	211.5669	10.59	13	46	HCD-HMSn
0	45375	79.2740	1	9.6174E+08	2.8531E+07	635.3502	101.5	1139	1139	MS
0	45376	79.2768	2	186659	35486	120.0809	13.54	9	34	HCD-HMSn
0	45377	79.2775	2	4.8513E+06	1.0578E+06	209.3885	19.93	9	35	HCD-HMSn
0	45378	79.2788	2	242556	30216	302.306	11.3	13	26	HCD-HMSn
0	45379	79.2810	2	108248	24148	1073.523	18.53	8	29	HCD-HMSn
0	45380	79.2832	2	109456	15817	217.1372	11.94	7	37	HCD-HMSn
0	45381	79.2853	2	139331	28941	120.081	18.5	11	35	HCD-HMSn
0	45382	79.2875	2	88294	14537	201.1235	11.64	6	31	HCD-HMSn
0	45383	79.2893	2	418594	30006	120.0809	13.41	29	90	HCD-HMSn
0	45384	79.2915	2	756995	57355	157.1336	28.41	52	140	HCD-HMSn
0	45385	79.2937	2	39314	7077.8	302.2791	6.301	2	20	HCD-HMSn
0	45386	79.2958	2	160416	18895	116.071	11.69	10	48	HCD-HMSn
0	45387	79.2980	2	140817	13817	120.0808	8.992	13	49	HCD-HMSn
0	45388	79.2995	1	1.0737E+09	2.59E+07	629.3883	91.02	1202	1202	MS
0	45389	79.3017	2	286293	29037	286.1214	14.01	16	59	HCD-HMSn
0	45390	79.3038	2	79513	31668	209.7087	20.63	3	24	HCD-HMSn
0	45391	79.3060	2	57735	15000	210.0052	15.65	4	22	HCD-HMSn
0	45392	79.3082	2	16014	9405.8	302.3075	10.48	1	6	HCD-HMSn
0	45393	79.3093	2	516594	67209	120.081	18.6	19	63	HCD-HMSn
0	45394	79.3115	2	136820	16682	120.081	11.78	14	46	HCD-HMSn
0	45395	79.3137	2	94049	21790	302.3129	17.14	7	37	HCD-HMSn
0	45396	79.3160	2	50766	24480	209.8753	19.2	2	7	HCD-HMSn
0	45397	79.3182	2	20977	12037	302.3077	12.42	1	6	HCD-HMSn
0	45398	79.3203	2	174917	32169	209.6364	19.15	9	39	HCD-HMSn
0	45399	79.3225	2	19942	10330	302.2985	11.77	1	7	HCD-HMSn
0	45400	79.3247	2	391094	39967	876.5308	22.41	34	108	HCD-HMSn
0	45401	79.3260	1	9.5873E+08	3.3689E+07	629.3885	143	1228	1228	MS
0	45402	79.3282	2	74274	31478	209.6094	22.32	5	15	HCD-HMSn
0	45403	79.3303	2	47426	27113	209.2993	27.14	3	9	HCD-HMSn
0	45404	79.3312	2	607945	60009	223.1081	8.775	11	42	HCD-HMSn
0	45405	79.3327	2	1.0523E+06	64726	120.081	20.26	44	148	HCD-HMSn
0	45406	79.3348	2	214903	12396	129.1022	9.415	14	89	HCD-HMSn
0	45407	79.3370	2	120887	16694	272.1065	11.93	8	40	HCD-HMSn
0	45408	79.3392	2	127363	13126	302.3023	9.324	9	54	HCD-HMSn
0	45409	79.3413	2	142369	14908	302.2881	10.48	14	53	HCD-HMSn
0	45410	79.3437	2	130397	19866	386.2396	11.45	12	32	HCD-HMSn
0	45411	79.3450	1	1.0807E+09	4.1952E+07	629.3884	169.8	1265	1265	MS
0	45412	79.3472	2	59395	25189	210.2362	23.01	5	16	HCD-HMSn
0	45413	79.3493	2	14451	6988.8	302.2821	8.258	1	6	HCD-HMSn
0	45414	79.3515	2	854956	358320	748.4585	186.8	40	127	HCD-HMSn
0	45415	79.3533	2	149463	31236	215.139	20.17	12	34	HCD-HMSn
0	45416	79.3555	2	82656	24798	414.0602	21.67	5	16	HCD-HMSn
0	45417	79.3577	2	56278	23245	210.4718	22.51	2	22	HCD-HMSn
0	45418	79.3598	2	24910	10494	302.3143	11.36	2	11	HCD-HMSn
0	45419	79.3620	2	199096	17467	136.0758	9.985	18	58	HCD-HMSn
0	45420	79.3642	2	263283	17854	129.1023	9.405	22	69	HCD-HMSn
0	45421	79.3663	2	38434	12596	302.3131	14.08	3	21	HCD-HMSn
0	45422	79.3685	2	50203	14789	302.2962	11.44	3	18	HCD-HMSn
0	45423	79.3707	2	118893	16644	211.5667	13.43	11	40	HCD-HMSn
0	45424	79.3720	1	1.1194E+09	4.6419E+07	629.3885	186.3	1229	1229	MS
0	45425	79.3737	2	747420	34193	175.119	12.43	43	108	HCD-HMSn
0	45426	79.3758	2	55442	12372	210.1945	8.644	6	12	HCD-HMSn
0	45427	79.3780	2	35323	19821	209.9575	23.76	2	6	HCD-HMSn
0	45428	79.3802	2	24698	13499	302.2922	14.89	2	9	HCD-HMSn
0	45429	79.3820	2	783884	23587	1225.6055	9.139	58	142	HCD-HMSn
0	45430	79.3842	2	2.3517E+06	214236	212.1031	76.38	85	246	HCD-HMSn
0	45431	79.3863	2	201233	15372	805.3812	10.35	21	57	HCD-HMSn
0	45432	79.3885	2	926606	353096	814.504	167.5	37	108	HCD-HMSn
0	45433	79.3908	2	192388	30088	209.8559	20.15	15	53	HCD-HMSn
0	45434	79.3928	2	29220	9947	302.3204	11.45	1	10	HCD-HMSn
0	45435	79.3952	2	26696	16533	302.2922	14.48	0	8	HCD-HMSn
0	45436	79.3973	2	175428	14619	211.5554	9.526	15	59	HCD-HMSn
0	45437	79.3987	1	1.2666E+09	5.6336E+07	1037.5587	202.8	1207	1207	MS
0	45438	79.4008	2	263224	20821	685.4703	12.45	23	67	HCD-HMSn
0	45439	79.4030	2	24035	11153	302.2937	12.2	2	12	HCD-HMSn
0	45440	79.4052	2	254830	56912	120.081	34.63	20	64	HCD-HMSn
0	45441	79.4073	2	249643	50831	136.0758	31.24	24	60	HCD-HMSn
0	45442	79.4092	2	200497	24105	175.1188	13.85	14	48	HCD-HMSn
0	45443	79.4113	2	171353	29005	120.081	18.96	13	57	HCD-HMSn
0	45444	79.4122	2	1.2967E+06	181810	209.2837	23.24	21	70	HCD-HMSn
0	45445	79.4138	2	91516	18940	143.1179	11.15	5	28	HCD-HMSn
0	45446	79.4160	2	107704	10656	286.1214	8.744	12	32	HCD-HMSn
0	45447	79.4182	2	129596	25770	120.081	19.98	10	46	HCD-HMSn
0	45448	79.4203	2	328999	73693	120.0811	43.21	18	53	HCD-HMSn
0	45449	79.4225	2	47208	16064	211.5685	16.69	5	21	HCD-HMSn
0	45450	79.4238	1	9.9413E+08	3.7515E+07	1037.5589	171.1	1286	1286	MS
0	45451	79.4275	2	80701	12203	120.0811	8.803	8	26	HCD-HMSn
0	45452	79.4297	2	92955	15313	302.3069	11.93	7	31	HCD-HMSn
0	45453	79.4318	2	184856	17186	209.4437	11.65	15	52	HCD-HMSn
0	45454	79.4340	2	32452	12343	302.2989	9.343	2	11	HCD-HMSn
0	45455	79.4362	2	941108	74185	212.1031	33.58	60	162	HCD-HMSn
0	45456	79.4383	2	136209	26261	120.081	20.34	8	50	HCD-HMSn
0	45457	79.4405	2	104784	22208	120.081	16.72	8	34	HCD-HMSn
0	45458	79.4427	2	68965	8857	302.3205	6.066	5	23	HCD-HMSn
0	45459	79.4448	2	303721	35574	247.1442	18.81	21	63	HCD-HMSn
0	45460	79.4470	2	104960	12136	244.1655	8.806	8	35	HCD-HMSn
0	45461	79.4493	2	215159	28214	209.4986	15.79	18	50	HCD-HMSn
0	45462	79.4513	2	39036	16532	211.5656	18.47	3	11	HCD-HMSn
0	45463	79.4528	1	9.6598E+08	3.5898E+07	1037.5592	163.8	1341	1341	MS
0	45464	79.4550	2	59906	19510	211.563	17.21	4	23	HCD-HMSn
0	45465	79.4563	1	1.0203E+09	3.8703E+07	1037.5592	170.7	1325	1325	MS
0	45466	79.4577	2	205559	34159	302.3003	12.03	6	37	HCD-HMSn
0	45467	79.4597	2	626811	90095	921.4038	41.98	37	102	HCD-HMSn
0	45468	79.4610	2	2.8813E+06	254281	159.0918	51.69	84	209	HCD-HMSn
0	45469	79.4632	2	311264	27933	235.0931	13.87	23	54	HCD-HMSn
0	45470	79.4653	2	290338	31086	120.0811	20.04	25	68	HCD-HMSn
0	45471	79.4675	2	26737	10246	302.3163	11.28	3	9	HCD-HMSn
0	45472	79.4698	2	99528	15309	136.0759	10.05	9	32	HCD-HMSn
0	45473	79.4708	2	417075	80784	120.081	18.27	11	40	HCD-HMSn
0	45474	79.4730	2	105632	8360.5	910.5155	6.709	12	40	HCD-HMSn
0	45475	79.4752	2	390201	33803	159.0918	19.49	33	100	HCD-HMSn
0	45476	79.4773	2	107773	16038	120.0809	11.54	11	40	HCD-HMSn
0	45477	79.4795	2	123348	24376	120.0811	17.91	7	42	HCD-HMSn
0	45478	79.4808	1	8.4872E+08	2.7913E+07	1037.5589	134.5	1309	1309	MS
0	45479	79.4830	2	127113	23612	129.1023	15.61	8	39	HCD-HMSn
0	45480	79.4853	2	43552	17262	1163.5786	14.35	1	10	HCD-HMSn
0	45481	79.4873	2	884508	123933	173.1285	55.92	48	135	HCD-HMSn
0	45482	79.4895	2	79863	31690	593.3417	20.11	6	15	HCD-HMSn
0	45483	79.4913	2	682654	71848	159.0917	28.87	41	109	HCD-HMSn
0	45484	79.4935	2	414066	27154	185.1649	15.84	29	120	HCD-HMSn
0	45485	79.4957	2	126526	16032	120.0812	9.017	12	37	HCD-HMSn
0	45486	79.4978	2	29019	7997.8	302.3207	6.219	1	12	HCD-HMSn
0	45487	79.5000	2	62453	17998	120.081	16.5	3	24	HCD-HMSn
0	45488	79.5023	2	83753	16554	302.3034	12.48	5	34	HCD-HMSn
0	45489	79.5045	2	31699	13497	302.2994	9.234	1	9	HCD-HMSn
0	45490	79.5067	2	80808	15186	211.5518	11.53	7	27	HCD-HMSn
0	45491	79.5080	1	6.9623E+08	1.889E+07	1037.5593	112.3	1395	1395	MS
0	45492	79.5102	2	20747	5454.6	302.3218	4.602	1	9	HCD-HMSn
0	45493	79.5123	2	112667	31948	819.5108	27.07	10	30	HCD-HMSn
0	45494	79.5145	2	166433	23831	209.6072	17.85	12	44	HCD-HMSn
0	45495	79.5167	2	23180	9759	302.3116	10.59	1	9	HCD-HMSn
0	45496	79.5188	2	48517	12189	302.3036	11.48	2	23	HCD-HMSn
0	45497	79.5210	2	131759	21257	748.4654	16.25	10	55	HCD-HMSn
0	45498	79.5232	2	347915	44316	120.081	26.32	30	75	HCD-HMSn
0	45499	79.5255	2	27189	9908.5	302.2897	10.08	0	15	HCD-HMSn
0	45500	79.5277	2	90171	24563	120.081	18.6	7	27	HCD-HMSn
0	45501	79.5298	2	53129	8717.8	226.1182	7.736	4	20	HCD-HMSn
0	45502	79.5320	2	95839	16915	302.292	12.72	7	26	HCD-HMSn
0	45503	79.5342	2	37484	14745	211.5699	13.08	2	13	HCD-HMSn
0	45504	79.5357	1	6.5331E+08	1.5005E+07	673.1017	94.33	1442	1442	MS
0	45505	79.5375	2	368196	75039	120.0811	39.25	19	62	HCD-HMSn
0	45506	79.5397	2	248237	72380	923.4106	45.54	16	50	HCD-HMSn
0	45507	79.5417	2	597269	33530	209.2868	14.51	41	114	HCD-HMSn
0	45508	79.5438	2	88517	29066	209.3956	15.58	7	19	HCD-HMSn
0	45509	79.5460	2	38157	13076	302.2932	12.96	2	19	HCD-HMSn
0	45510	79.5482	2	205158	40445	130.0653	26.75	15	45	HCD-HMSn
0	45511	79.5490	2	950991	138685	877.5321	19.28	19	56	HCD-HMSn
0	45512	79.5513	2	71353	13676	183.1493	11.15	4	27	HCD-HMSn
0	45513	79.5535	2	77725	10799	302.2936	7.931	6	27	HCD-HMSn
0	45514	79.5557	2	100929	12058	648.3818	7.733	12	38	HCD-HMSn
0	45515	79.5578	2	40809	15500	302.314	13.32	3	12	HCD-HMSn
0	45516	79.5600	2	31720	20125	211.5604	18.46	1	6	HCD-HMSn
0	45517	79.5615	1	6.856E+08	1.848E+07	886.0754	109.2	1469	1469	MS
0	45518	79.5637	2	179207	20207	209.3808	13.89	15	45	HCD-HMSn
0	45519	79.5658	2	53124	26720	209.5355	27.65	4	12	HCD-HMSn
0	45520	79.5670	2	69091	27905	302.2877	11.85	1	12	HCD-HMSn
0	45521	79.5692	2	118277	13730	120.0811	10.12	10	39	HCD-HMSn
0	45522	79.5712	2	288959	64441	120.0811	43.89	24	72	HCD-HMSn
0	45523	79.5735	2	44976	17502	302.3023	15.78	5	11	HCD-HMSn
0	45524	79.5757	2	58772	19733	209.8148	15.9	3	16	HCD-HMSn
0	45525	79.5778	2	23601	11904	302.3138	14.17	2	7	HCD-HMSn
0	45526	79.5800	2	59176	12202	302.2813	10.79	3	20	HCD-HMSn
0	45527	79.5822	2	24578	15249	302.2982	14.48	0	8	HCD-HMSn
0	45528	79.5843	2	42469	10121	302.3191	9.852	2	19	HCD-HMSn
0	45529	79.5865	2	33657	14031	211.5529	12.29	2	9	HCD-HMSn
0	45530	79.5880	1	5.2707E+08	1.553E+07	886.0758	124.3	1570	1570	MS
0	45531	79.5917	2	56119	7211.7	120.0811	6.408	5	26	HCD-HMSn
0	45532	79.5938	2	34633	10748	302.2932	9.96	3	11	HCD-HMSn
0	45533	79.5960	2	169860	23246	120.081	12.6	15	46	HCD-HMSn
0	45534	79.5982	2	102396	24824	120.0811	18.46	7	32	HCD-HMSn
0	45535	79.6003	2	66282	8319.8	302.2856	7.718	6	30	HCD-HMSn
0	45536	79.6025	2	160623	43878	120.081	30.57	10	38	HCD-HMSn
0	45537	79.6047	2	48246	12110	635.3534	8.308	4	17	HCD-HMSn
0	45538	79.6068	2	40345	11227	302.3114	11.53	3	19	HCD-HMSn
0	45539	79.6090	2	55892	15872	302.291	13.41	4	19	HCD-HMSn
0	45540	79.6112	2	29090	9871.4	302.2778	9.392	0	8	HCD-HMSn
0	45541	79.6135	2	36727	13877	302.2932	12.52	1	12	HCD-HMSn
0	45542	79.6157	2	84808	19847	211.5578	16.92	9	25	HCD-HMSn
0	45543	79.6172	1	4.4745E+08	1.3358E+07	886.0762	122.5	1620	1620	MS
0	45544	79.6193	2	54109	19046	209.7956	15.56	2	16	HCD-HMSn
0	45545	79.6215	2	45365	15871	209.3266	17.94	2	10	HCD-HMSn
0	45546	79.6237	2	31587	13408	302.2978	14.25	2	12	HCD-HMSn
0	45547	79.6258	2	429896	28855	187.0714	15.48	34	111	HCD-HMSn
0	45548	79.6280	2	104931	14897	187.0712	10.78	8	39	HCD-HMSn
0	45549	79.6302	2	292353	30309	186.1238	16.15	22	65	HCD-HMSn
0	45550	79.6323	2	59993	11125	300.119	8.583	5	18	HCD-HMSn
0	45551	79.6345	2	136054	18605	120.0811	14.59	10	51	HCD-HMSn
0	45552	79.6367	2	77708	12306	185.1646	8.4	6	25	HCD-HMSn
0	45553	79.6388	2	114268	27425	209.745	19.94	8	28	HCD-HMSn
0	45554	79.6410	2	18785	8821.6	302.2836	9.372	1	7	HCD-HMSn
0	45555	79.6432	2	80475	17674	211.5545	14.87	9	21	HCD-HMSn
0	45556	79.6447	1	4.5136E+08	1.3044E+07	886.0766	109.4	1575	1575	MS
0	45557	79.6468	2	213759	27294	120.0809	19.16	15	68	HCD-HMSn
0	45558	79.6490	2	47183	18451	209.408	19.53	4	9	HCD-HMSn
0	45559	79.6512	2	16367	9576.5	302.2886	11.52	2	5	HCD-HMSn
0	45560	79.6533	2	229525	11932	460.2907	8.866	23	81	HCD-HMSn
0	45561	79.6555	2	72970	11335	120.0812	7.764	5	24	HCD-HMSn
0	45562	79.6578	2	39509	9713	302.3205	8.245	1	16	HCD-HMSn
0	45563	79.6600	2	47440	17999	302.3023	14.06	2	18	HCD-HMSn
0	45564	79.6622	2	51011	17926	302.2855	15.23	4	12	HCD-HMSn
0	45565	79.6643	2	65488	42416	209.2716	34.16	1	10	HCD-HMSn
0	45566	79.6665	2	22088	8882.8	302.3157	8.598	1	9	HCD-HMSn
0	45567	79.6687	2	48956	17017	302.2988	15.96	2	19	HCD-HMSn
0	45568	79.6710	2	38452	12260	211.5708	11.93	3	7	HCD-HMSn
0	45569	79.6725	1	4.2252E+08	1.0076E+07	886.0763	93.26	1725	1725	MS
0	45570	79.6760	2	100292	37523	873.5287	19.91	6	18	HCD-HMSn
0	45571	79.6782	2	66880	7792.3	876.5373	6.432	6	26	HCD-HMSn
0	45572	79.6793	2	745290	122649	217.1372	29.24	23	69	HCD-HMSn
0	45573	79.6815	2	441678	33811	147.0765	17.76	31	81	HCD-HMSn
0	45574	79.6837	2	259141	31562	120.0811	17.85	23	66	HCD-HMSn
0	45575	79.6858	2	83988	19627	209.7711	13.72	7	19	HCD-HMSn
0	45576	79.6880	2	47340	23129	209.6664	24.84	2	12	HCD-HMSn
0	45577	79.6902	2	25709	15026	302.3119	17.55	1	8	HCD-HMSn
0	45578	79.6923	2	30012	11828	302.2903	10.1	1	12	HCD-HMSn
0	45579	79.6945	2	128079	8503	717.3683	5.84	11	47	HCD-HMSn
0	45580	79.6967	2	51913	8464.1	120.081	7.698	4	26	HCD-HMSn
0	45581	79.6987	2	215237	18427	211.5654	11.38	17	78	HCD-HMSn
0	45582	79.7002	1	3.6027E+08	7.3588E+06	886.0765	76.72	1729	1729	MS
0	45583	79.7023	2	75422	11255	302.2876	9.088	3	34	HCD-HMSn
0	45584	79.7047	2	87144	17516	209.7232	13.69	5	29	HCD-HMSn
0	45585	79.7067	2	25087	8634.3	302.2824	9.116	2	9	HCD-HMSn
0	45586	79.7090	2	78475	16490	209.8213	13.67	5	18	HCD-HMSn
0	45587	79.7112	2	44309	17281	209.2844	18.62	2	7	HCD-HMSn
0	45588	79.7133	2	35281	12482	302.292	13.41	2	19	HCD-HMSn
0	45589	79.7155	2	41086	11903	302.2931	11.04	3	17	HCD-HMSn
0	45590	79.7177	2	44193	12058	120.0809	10.23	2	17	HCD-HMSn
0	45591	79.7198	2	69682	13277	302.3069	10.31	5	22	HCD-HMSn
0	45592	79.7220	2	32834	15701	302.2985	14.63	1	13	HCD-HMSn
0	45593	79.7242	2	55713	33763	209.5672	32.27	1	13	HCD-HMSn
0	45594	79.7263	2	26697	16536	211.5615	17.5	1	8	HCD-HMSn
0	45595	79.7278	1	3.0941E+08	5.0074E+06	652.3634	58.37	1737	1737	MS
0	45596	79.7300	2	51324	32318	209.2303	35.51	1	11	HCD-HMSn
0	45597	79.7322	2	21815	6244.3	302.3186	6.602	1	12	HCD-HMSn
0	45598	79.7343	2	128208	11485	302.3036	8.749	17	42	HCD-HMSn
0	45599	79.7365	2	85754	25348	209.2171	22.16	6	24	HCD-HMSn
0	45600	79.7387	2	58375	23251	209.4117	22.63	4	17	HCD-HMSn
0	45601	79.7408	2	35442	12964	210.8334	14.37	3	13	HCD-HMSn
0	45602	79.7430	2	13697	8650.4	302.3097	10.17	0	5	HCD-HMSn
0	45603	79.7442	2	222448	65853	120.0811	15.17	7	22	HCD-HMSn
0	45604	79.7457	2	143899	27639	129.1025	14.83	5	25	HCD-HMSn
0	45605	79.7478	2	31190	17967	302.2984	15.82	1	9	HCD-HMSn
0	45606	79.7502	2	23701	11508	302.312	11.68	0	11	HCD-HMSn
0	45607	79.7523	2	33650	16495	211.5545	16.8	2	10	HCD-HMSn
0	45608	79.7538	1	2.7077E+08	6.916E+06	652.363	91.53	1635	1635	MS
0	45609	79.7575	2	17313	11429	302.3031	11.06	0	5	HCD-HMSn
0	45610	79.7597	2	68932	31283	209.2673	25.93	3	15	HCD-HMSn
0	45611	79.7618	2	47065	15541	209.795	17.14	3	15	HCD-HMSn
0	45612	79.7640	2	42619	25844	209.5531	30.69	3	10	HCD-HMSn
0	45613	79.7660	2	49972	32582	209.3702	36.07	2	10	HCD-HMSn
0	45614	79.7683	2	31281	11268	302.3064	10.5	2	13	HCD-HMSn
0	45615	79.7705	2	58855	10246	302.3149	8.898	4	28	HCD-HMSn
0	45616	79.7727	2	61410	8380.7	302.318	6	4	27	HCD-HMSn
0	45617	79.7748	2	85216	19185	120.0809	14.08	3	37	HCD-HMSn
0	45618	79.7770	2	59686	16858	302.2981	15.62	5	21	HCD-HMSn
0	45619	79.7792	2	29294	10816	302.2898	9.903	1	13	HCD-HMSn
0	45620	79.7813	2	60766	18087	211.5598	16.63	4	21	HCD-HMSn
0	45621	79.7828	1	3.5164E+08	1.2912E+07	652.3629	133.5	1606	1606	MS
0	45622	79.7850	2	80046	36336	209.2535	33.8	3	22	HCD-HMSn
0	45623	79.7872	2	41575	16494	209.9223	18.95	4	10	HCD-HMSn
0	45624	79.7893	2	20397	12471	302.2946	13.93	1	7	HCD-HMSn
0	45625	79.7915	2	93008	24702	834.3899	22.19	5	30	HCD-HMSn
0	45626	79.7937	2	38915	12957	302.3109	10.83	2	14	HCD-HMSn
0	45627	79.7958	2	65195	9258.9	302.3201	8.066	5	27	HCD-HMSn
0	45628	79.7980	2	154724	21197	210.2642	12.98	12	47	HCD-HMSn
0	45629	79.8002	2	69983	42890	447.2932	40.77	2	9	HCD-HMSn
0	45630	79.8025	2	62366	10554	302.289	9.938	7	20	HCD-HMSn
0	45631	79.8047	2	126365	15132	129.1024	11.65	12	38	HCD-HMSn
0	45632	79.8068	2	33584	13110	302.2909	12.69	3	12	HCD-HMSn
0	45633	79.8090	2	94667	18206	211.5598	12.65	9	31	HCD-HMSn
0	45634	79.8105	1	3.6729E+08	1.6658E+07	652.3631	163.7	1501	1501	MS
0	45635	79.8127	2	125435	20887	209.8195	12.38	10	30	HCD-HMSn
0	45636	79.8148	2	19831	10620	302.2971	10.21	1	6	HCD-HMSn
0	45637	79.8170	2	169257	42473	120.081	28.27	13	43	HCD-HMSn
0	45638	79.8183	2	77182	43098	209.6892	22.84	2	9	HCD-HMSn
0	45639	79.8205	2	29920	9797.7	302.309	10.59	4	11	HCD-HMSn
0	45640	79.8228	2	62808	13780	302.2953	12.55	6	22	HCD-HMSn
0	45641	79.8250	2	39623	10437	302.32	7.301	2	11	HCD-HMSn
0	45642	79.8272	2	25775	14805	302.2945	14.18	0	9	HCD-HMSn
0	45643	79.8293	2	54334	12833	302.3023	10.71	4	20	HCD-HMSn
0	45644	79.8315	2	51387	12044	788.3726	10.89	3	20	HCD-HMSn
0	45645	79.8337	2	41093	8041.8	120.0811	6.324	3	16	HCD-HMSn
0	45646	79.8358	2	61013	13118	120.0812	11.47	4	22	HCD-HMSn
0	45647	79.8373	1	4.2557E+08	2.0802E+07	652.3628	176.6	1431	1431	MS
0	45648	79.8408	2	31966	12679	302.3075	13.32	2	15	HCD-HMSn
0	45649	79.8430	2	47548	31470	209.5817	29	1	9	HCD-HMSn
0	45650	79.8452	2	38951	28436	209.6689	29.81	1	4	HCD-HMSn
0	45651	79.8473	2	49123	28053	209.3497	28.1	3	9	HCD-HMSn
0	45652	79.8495	2	25127	12777	302.3045	13.64	1	7	HCD-HMSn
0	45653	79.8517	2	70440	7617.7	302.2796	6.379	5	34	HCD-HMSn
0	45654	79.8538	2	29966	11643	302.2917	11.26	2	11	HCD-HMSn
0	45655	79.8560	2	165001	29720	120.0809	20.15	11	47	HCD-HMSn
0	45656	79.8583	2	60732	12783	302.2848	10.98	4	25	HCD-HMSn
0	45657	79.8605	2	43015	6720.5	302.3211	5	4	15	HCD-HMSn
0	45658	79.8627	2	81212	17559	302.2907	14.69	6	30	HCD-HMSn
0	45659	79.8648	2	34723	20784	211.5591	19.14	2	8	HCD-HMSn
0	45660	79.8663	1	4.3773E+08	2.2326E+07	652.3626	185.8	1418	1418	MS
0	45661	79.8685	2	85339	15342	302.291	12.94	5	40	HCD-HMSn
0	45662	79.8707	2	36025	15434	302.2995	14.06	2	12	HCD-HMSn
0	45663	79.8728	2	305132	29225	209.3322	21.62	24	65	HCD-HMSn
0	45664	79.8750	2	68169	22177	209.8771	17.41	4	24	HCD-HMSn
0	45665	79.8772	2	25316	14847	302.2966	17.13	1	9	HCD-HMSn
0	45666	79.8793	2	110253	11115	129.1025	7.534	9	39	HCD-HMSn
0	45667	79.8815	2	51491	11209	302.3103	8.966	3	22	HCD-HMSn
0	45668	79.8837	2	49543	13654	302.2951	12.43	2	23	HCD-HMSn
0	45669	79.8860	2	77135	10654	302.2894	8.697	7	33	HCD-HMSn
0	45670	79.8882	2	116795	12989	120.0808	8.926	9	41	HCD-HMSn
0	45671	79.8903	2	138190	18355	209.3195	12.12	12	38	HCD-HMSn
0	45672	79.8925	2	92730	11034	211.5502	7.599	12	34	HCD-HMSn
0	45673	79.8940	1	4.4345E+08	1.9573E+07	652.3625	161.7	1352	1352	MS
0	45674	79.8962	2	45199	11712	302.2884	6.704	2	16	HCD-HMSn
0	45675	79.8983	2	45270	12344	302.2896	11.87	2	23	HCD-HMSn
0	45676	79.8997	2	262314	53759	536.2713	21.76	12	43	HCD-HMSn
0	45677	79.9015	2	529155	57096	129.1024	23.01	27	66	HCD-HMSn
0	45678	79.9037	2	57154	14155	209.5103	16	5	15	HCD-HMSn
0	45679	79.9058	2	49048	11315	120.0809	11.92	5	15	HCD-HMSn
0	45680	79.9080	2	64131	12708	302.2866	11.65	7	20	HCD-HMSn
0	45681	79.9102	2	301556	65757	914.569	35.84	22	58	HCD-HMSn
0	45682	79.9123	2	30171	8206.6	302.278	8.21	2	10	HCD-HMSn
0	45683	79.9145	2	24940	15760	302.3046	16.03	1	8	HCD-HMSn
0	45684	79.9167	2	75681	18438	302.298	17.88	5	17	HCD-HMSn
0	45685	79.9190	2	33688	20446	211.5594	20.64	1	8	HCD-HMSn
0	45686	79.9203	1	5.1927E+08	2.044E+07	652.3625	139.3	1335	1335	MS
0	45687	79.9240	2	72370	11390	129.1023	7.217	6	25	HCD-HMSn
0	45688	79.9262	2	54922	7758.6	302.3169	6.482	4	26	HCD-HMSn
0	45689	79.9283	2	183331	33781	187.1443	19.3	13	50	HCD-HMSn
0	45690	79.9305	2	128645	16938	302.2982	8.837	8	30	HCD-HMSn
0	45691	79.9327	2	40743	11480	302.3121	8.672	2	16	HCD-HMSn
0	45692	79.9348	2	288944	21014	129.1024	12.41	26	91	HCD-HMSn
0	45693	79.9370	2	112643	15596	302.301	10.88	11	37	HCD-HMSn
0	45694	79.9392	2	192755	16088	213.1597	9.524	18	63	HCD-HMSn
0	45695	79.9413	2	245041	64950	120.081	40.81	23	53	HCD-HMSn
0	45696	79.9437	2	81293	9438.9	302.3183	6.604	5	36	HCD-HMSn
0	45697	79.9458	2	63821	21406	211.0472	17.83	5	19	HCD-HMSn
0	45698	79.9480	2	32590	12362	211.5479	12.56	2	11	HCD-HMSn
0	45699	79.9493	1	5.7236E+08	1.6507E+07	868.8177	101.2	1323	1323	MS
0	45700	79.9515	2	38516	5655	302.2804	5.141	3	19	HCD-HMSn
0	45701	79.9537	2	51742	8815.2	302.2853	8.17	4	24	HCD-HMSn
0	45702	79.9558	2	202339	18119	775.3738	12.49	18	52	HCD-HMSn
0	45703	79.9580	2	172820	28008	159.0915	18.67	11	52	HCD-HMSn
0	45704	79.9602	2	144053	26809	136.0758	18.27	11	42	HCD-HMSn
0	45705	79.9623	2	199830	18466	136.0759	11.89	19	64	HCD-HMSn
0	45706	79.9645	2	209914	78433	788.3807	65.32	11	46	HCD-HMSn
0	45707	79.9667	2	286035	22997	623.3316	14.6	22	55	HCD-HMSn
0	45708	79.9688	2	96187	11850	302.318	8.791	6	42	HCD-HMSn
0	45709	79.9712	2	34506	13680	302.2923	12.07	1	14	HCD-HMSn
0	45710	79.9733	2	184774	11047	302.2957	6.865	20	62	HCD-HMSn
0	45711	79.9755	2	126384	19813	120.081	13.88	12	37	HCD-HMSn
0	45712	79.9768	1	5.4948E+08	1.2625E+07	868.8182	86.35	1420	1420	MS
0	45713	79.9790	2	137437	21295	726.4179	14.41	10	41	HCD-HMSn
0	45714	79.9812	2	213389	32748	209.3479	24.39	16	52	HCD-HMSn
0	45715	79.9833	2	36726	11020	302.3005	10.81	1	18	HCD-HMSn
0	45716	79.9855	2	124563	16620	209.4488	11.65	10	30	HCD-HMSn
0	45717	79.9877	2	49493	22238	209.7854	20.03	4	11	HCD-HMSn
0	45718	79.9898	2	26585	8216	302.3146	9.062	4	12	HCD-HMSn
0	45719	79.9920	2	263852	22369	136.0758	13.5	24	72	HCD-HMSn
0	45720	79.9942	2	186776	24097	736.4178	14.7	16	54	HCD-HMSn
0	45721	79.9963	2	256590	46610	173.1286	27.69	19	67	HCD-HMSn
0	45722	79.9985	2	20465	8926.5	302.3137	8.777	1	9	HCD-HMSn
0	45723	80.0007	2	234948	23829	207.113	14.41	24	61	HCD-HMSn
0	45724	80.0030	2	107098	13453	316.1135	10.69	9	36	HCD-HMSn
0	45725	80.0043	1	7.096E+08	1.364E+07	784.4058	70	1374	1374	MS
0	45726	80.0078	2	28306	8671	302.3104	8.712	2	14	HCD-HMSn
0	45727	80.0100	2	133769	24926	120.081	17.42	9	46	HCD-HMSn
0	45728	80.0110	2	1.3059E+06	92447	120.0811	12.47	21	88	HCD-HMSn
0	45729	80.0123	2	639804	74094	209.2494	18.87	30	86	HCD-HMSn
0	45730	80.0142	2	236907	41175	187.1077	20.13	16	54	HCD-HMSn
0	45731	80.0163	2	52957	10773	302.2971	9.121	5	21	HCD-HMSn
0	45732	80.0178	2	365854	89727	120.081	30.55	17	62	HCD-HMSn
0	45733	80.0200	2	212415	13229	302.289	8.78	17	72	HCD-HMSn
0	45734	80.0222	2	56925	9414.2	302.2809	8.46	7	25	HCD-HMSn
0	45735	80.0245	2	65723	10428	136.0757	8.513	6	23	HCD-HMSn
0	45736	80.0267	2	217564	23730	185.1285	15.56	16	59	HCD-HMSn
0	45737	80.0288	2	216837	22229	159.0918	13.26	22	52	HCD-HMSn
0	45738	80.0302	1	9.4736E+08	1.9811E+07	731.6264	98.07	1466	1466	MS
0	45739	80.0323	2	192657	29729	136.0758	20.37	12	54	HCD-HMSn
0	45740	80.0345	2	128482	26930	120.081	21.82	6	46	HCD-HMSn
0	45741	80.0365	2	564939	52879	143.1179	23.6	36	108	HCD-HMSn
0	45742	80.0387	2	280113	11954	302.2909	7.575	31	87	HCD-HMSn
0	45743	80.0408	2	180339	22359	120.0811	15.04	11	60	HCD-HMSn
0	45744	80.0430	2	214862	18245	916.5232	9.912	20	72	HCD-HMSn
0	45745	80.0452	2	390514	23881	185.1285	14.9	33	120	HCD-HMSn
0	45746	80.0475	2	134043	18072	302.3089	12.69	8	46	HCD-HMSn
0	45747	80.0497	2	36209	6984	302.3205	5.36	1	17	HCD-HMSn
0	45748	80.0518	2	231204	29033	129.1025	18.82	16	68	HCD-HMSn
0	45749	80.0540	2	166856	16651	120.081	11.55	15	62	HCD-HMSn
0	45750	80.0562	2	47968	18476	211.5511	13.76	3	15	HCD-HMSn
0	45751	80.0577	1	9.584E+08	2.5484E+07	731.6264	106.2	1308	1308	MS
0	45752	80.0588	2	1.8248E+06	289549	120.0809	9.965	10	33	HCD-HMSn
0	45753	80.0610	2	380090	58916	120.081	34.58	31	101	HCD-HMSn
0	45754	80.0622	2	622022	35213	158.0925	9.789	23	90	HCD-HMSn
0	45755	80.0635	2	366481	124699	120.081	29.29	11	35	HCD-HMSn
0	45756	80.0657	2	339098	23290	1142.6315	11.91	29	71	HCD-HMSn
0	45757	80.0678	2	43654	24302	211.405	20.27	1	13	HCD-HMSn
0	45758	80.0700	2	41766	21229	209.8165	22.92	3	10	HCD-HMSn
0	45759	80.0722	2	19078	6631.2	302.3166	7.621	2	9	HCD-HMSn
0	45760	80.0738	2	1.5295E+06	70148	129.1025	21.98	75	207	HCD-HMSn
0	45761	80.0750	2	99597	24896	302.2946	7.735	4	12	HCD-HMSn
0	45762	80.0768	2	602470	58116	159.1129	26.61	33	104	HCD-HMSn
0	45763	80.0783	2	644637	79737	120.081	26.7	35	94	HCD-HMSn
0	45764	80.0797	1	1.2157E+09	4.1066E+07	906.7735	150.5	1260	1260	MS
0	45765	80.0812	2	759599	119781	129.1024	30.11	27	82	HCD-HMSn
0	45766	80.0833	2	19998	7274.3	302.279	5.821	2	5	HCD-HMSn
0	45767	80.0845	2	2.9058E+06	96162	175.1189	15.71	71	201	HCD-HMSn
0	45768	80.0865	2	48536	23212	210.4206	25.28	3	14	HCD-HMSn
0	45769	80.0887	2	21380	6476.6	302.2822	6.323	2	8	HCD-HMSn
0	45770	80.0908	2	167976	17214	209.8224	12.68	16	49	HCD-HMSn
0	45771	80.0930	2	20878	9044.9	302.3136	10.06	0	12	HCD-HMSn
0	45772	80.0950	2	830469	24353	789.4209	10.33	65	162	HCD-HMSn
0	45773	80.0972	2	158425	20122	302.3023	11.03	11	35	HCD-HMSn
0	45774	80.0993	2	82923	10472	227.1032	8.13	6	33	HCD-HMSn
0	45775	80.1015	2	99848	13988	302.2958	10.33	7	36	HCD-HMSn
0	45776	80.1037	2	350930	23770	818.4832	13.79	29	89	HCD-HMSn
0	45777	80.1052	1	1.4811E+09	7.1803E+07	906.7733	224.5	1185	1185	MS
0	45778	80.1072	2	89095	28960	209.6712	22.19	7	28	HCD-HMSn
0	45779	80.1093	2	25851	10668	302.3011	7.891	1	8	HCD-HMSn
0	45780	80.1102	2	4.3546E+06	455996	143.1179	36.75	51	133	HCD-HMSn
0	45781	80.1118	2	763620	122817	1072.583	39.01	32	82	HCD-HMSn
0	45782	80.1133	2	976220	115262	543.3293	40.29	42	115	HCD-HMSn
0	45783	80.1155	2	47796	21519	120.081	23.03	2	14	HCD-HMSn
0	45784	80.1167	2	2.0681E+06	75790	101.0715	14.35	61	181	HCD-HMSn
0	45785	80.1182	2	665364	39022	158.0925	12.53	36	107	HCD-HMSn
0	45786	80.1203	2	892980	84046	172.0717	35.91	56	162	HCD-HMSn
0	45787	80.1225	2	404693	24428	120.0812	15.51	36	134	HCD-HMSn
0	45788	80.1247	2	111686	12893	302.2925	9.42	7	42	HCD-HMSn
0	45789	80.1268	2	384425	17938	136.0759	10.04	38	110	HCD-HMSn
0	45790	80.1283	1	1.6049E+09	9.1993E+07	906.7733	293.2	1245	1245	MS
0	45791	80.1305	2	37680	9762.6	302.2841	8.061	3	14	HCD-HMSn
0	45792	80.1327	2	235613	25791	210.2113	18.33	25	71	HCD-HMSn
0	45793	80.1348	2	17658	11163	302.2876	12.26	1	5	HCD-HMSn
0	45794	80.1365	2	1.6722E+06	75145	757.4449	22.53	78	206	HCD-HMSn
0	45795	80.1387	2	666165	59886	120.081	32.14	48	138	HCD-HMSn
0	45796	80.1408	2	299042	33879	136.0758	23.18	21	94	HCD-HMSn
0	45797	80.1430	2	193589	30054	120.0811	20.59	14	65	HCD-HMSn
0	45798	80.1452	2	500191	37760	129.1024	19.63	45	120	HCD-HMSn
0	45799	80.1473	2	33008	13579	302.3122	11.33	1	14	HCD-HMSn
0	45800	80.1495	2	150043	29315	209.9073	20.01	11	51	HCD-HMSn
0	45801	80.1517	2	37290	22755	209.9307	24.81	1	9	HCD-HMSn
0	45802	80.1538	2	30780	15697	211.5559	17.15	2	11	HCD-HMSn
0	45803	80.1552	1	1.5608E+09	9.6853E+07	906.773	294.2	1197	1197	MS
0	45804	80.1573	2	104735	39185	1001.4862	24.12	3	18	HCD-HMSn
0	45805	80.1597	2	172894	27986	210.0074	18.5	12	69	HCD-HMSn
0	45806	80.1618	2	43109	24704	209.5691	26.71	2	11	HCD-HMSn
0	45807	80.1638	2	31994	6310.9	302.3192	5.554	3	14	HCD-HMSn
0	45808	80.1653	2	1.5021E+06	67633	757.4449	17.88	66	164	HCD-HMSn
0	45809	80.1675	2	27206	17409	302.301	18.12	1	7	HCD-HMSn
0	45810	80.1697	2	157755	22411	136.0757	12.71	12	48	HCD-HMSn
0	45811	80.1720	2	107311	14484	263.1391	9.87	8	29	HCD-HMSn
0	45812	80.1742	2	408108	30160	120.0811	18.64	35	120	HCD-HMSn
0	45813	80.1763	2	478270	37305	129.1024	19.4	42	124	HCD-HMSn
0	45814	80.1785	2	270377	28344	159.0916	15.54	24	70	HCD-HMSn
0	45815	80.1807	2	59808	11595	211.5408	9.503	3	26	HCD-HMSn
0	45816	80.1820	1	1.5213E+09	7.9882E+07	906.7731	249.4	1248	1248	MS
0	45817	80.1845	2	2.9937E+06	494336	129.1025	59.51	55	144	HCD-HMSn
0	45818	80.1865	2	21685	9305.1	302.3056	9.841	1	9	HCD-HMSn
0	45819	80.1872	2	2.6427E+06	257621	129.1025	15.02	25	70	HCD-HMSn
0	45820	80.1883	2	2.9025E+06	163070	757.4452	25.21	64	169	HCD-HMSn
0	45821	80.1893	2	616915	101334	215.1391	15.8	11	38	HCD-HMSn
0	45822	80.1915	2	186859	31292	209.4631	21.58	14	52	HCD-HMSn
0	45823	80.1937	2	71476	21429	209.2885	17.52	5	20	HCD-HMSn
0	45824	80.1958	2	76738	10642	302.3127	9.05	6	35	HCD-HMSn
0	45825	80.1968	2	3.6618E+06	312933	1027.5537	40.27	61	181	HCD-HMSn
0	45826	80.1982	2	886853	210279	110.0717	64.23	35	92	HCD-HMSn
0	45827	80.2003	2	616335	33608	136.0758	18.85	49	165	HCD-HMSn
0	45828	80.2022	2	290922	30709	120.081	15.93	19	61	HCD-HMSn
0	45829	80.2035	1	1.461E+09	5.5357E+07	906.7737	175.3	1232	1232	MS
0	45830	80.2055	2	1.0912E+06	79174	244.1654	30.26	68	183	HCD-HMSn
0	45831	80.2077	2	431195	31165	120.081	15.79	38	107	HCD-HMSn
0	45832	80.2093	2	937738	55722	199.1808	20.84	53	162	HCD-HMSn
0	45833	80.2108	2	630887	46069	244.0927	18.06	26	97	HCD-HMSn
0	45834	80.2130	2	269304	29135	263.1391	18.49	17	61	HCD-HMSn
0	45835	80.2152	2	116606	16542	730.4279	12.25	12	30	HCD-HMSn
0	45836	80.2173	2	156586	26466	209.252	15.2	14	31	HCD-HMSn
0	45837	80.2195	2	120815	20644	120.081	17.7	7	31	HCD-HMSn
0	45838	80.2217	2	150890	23592	209.4047	16.8	10	42	HCD-HMSn
0	45839	80.2237	2	71368	11031	110.0719	8.644	5	21	HCD-HMSn
0	45840	80.2258	2	527116	31517	757.4472	15.78	40	129	HCD-HMSn
0	45841	80.2282	2	435657	28143	120.0808	16.61	38	127	HCD-HMSn
0	45842	80.2295	1	1.5249E+09	7.878E+07	940.5275	229.6	1246	1246	MS
0	45843	80.2317	2	453053	27867	1084.6359	15.02	37	115	HCD-HMSn
0	45844	80.2338	2	72000	13861	302.2803	9.489	3	24	HCD-HMSn
0	45845	80.2360	2	499391	58521	136.0758	27.45	36	92	HCD-HMSn
0	45846	80.2382	2	44088	12739	302.2947	12.91	3	20	HCD-HMSn
0	45847	80.2403	2	1.0662E+06	121377	136.0758	58.11	61	185	HCD-HMSn
0	45848	80.2422	2	456896	23752	120.081	10.74	27	105	HCD-HMSn
0	45849	80.2443	2	1.1502E+06	111063	120.081	47.59	69	193	HCD-HMSn
0	45850	80.2465	2	133795	23268	244.1658	16.86	9	42	HCD-HMSn
0	45851	80.2487	2	231315	40677	120.081	24.63	17	56	HCD-HMSn
0	45852	80.2508	2	113875	8188.4	183.1496	6.003	9	46	HCD-HMSn
0	45853	80.2530	2	1.3726E+06	198745	299.1715	88.34	70	187	HCD-HMSn
0	45854	80.2552	2	149402	47060	1019.4926	29.4	7	35	HCD-HMSn
0	45855	80.2565	1	1.351E+09	8.915E+07	940.5275	287.7	1224	1224	MS
0	45856	80.2600	2	296954	47688	136.0759	29.43	17	70	HCD-HMSn
0	45857	80.2623	2	385614	35161	101.0715	22.14	30	93	HCD-HMSn
0	45858	80.2635	2	538019	64977	173.1285	20.21	19	67	HCD-HMSn
0	45859	80.2657	2	667050	68286	120.081	31.22	45	117	HCD-HMSn
0	45860	80.2678	2	47115	10712	302.3123	8.999	5	17	HCD-HMSn
0	45861	80.2700	2	184871	19574	110.0718	12.39	13	52	HCD-HMSn
0	45862	80.2722	2	298557	27975	120.081	18.02	24	97	HCD-HMSn
0	45863	80.2743	2	327190	34877	601.3304	20.44	28	103	HCD-HMSn
0	45864	80.2765	2	74887	12028	302.3076	10.38	5	31	HCD-HMSn
0	45865	80.2787	2	281759	22922	136.0757	14.18	24	85	HCD-HMSn
0	45866	80.2808	2	129129	13628	120.0811	8.482	11	37	HCD-HMSn
0	45867	80.2830	2	346674	17904	211.5471	10.66	29	115	HCD-HMSn
0	45868	80.2843	1	1.0732E+09	6.9172E+07	940.5278	265.3	1208	1208	MS
0	45869	80.2865	2	246441	25377	209.641	14.99	20	71	HCD-HMSn
0	45870	80.2887	2	22303	10344	302.3148	11.66	1	10	HCD-HMSn
0	45871	80.2903	2	710456	34901	757.4464	11.88	38	108	HCD-HMSn
0	45872	80.2925	2	48411	26267	209.2636	27.24	4	8	HCD-HMSn
0	45873	80.2947	2	93373	23654	209.6785	16.8	7	24	HCD-HMSn
0	45874	80.2968	2	53554	29019	209.2669	31.37	2	13	HCD-HMSn
0	45875	80.2990	2	63356	7469.8	302.3205	6.501	3	30	HCD-HMSn
0	45876	80.3002	2	2.1715E+06	529477	244.1656	93.22	35	108	HCD-HMSn
0	45877	80.3012	2	1.6772E+06	333220	244.1655	42.6	28	89	HCD-HMSn
0	45878	80.3033	2	196798	20179	764.4139	12.71	16	57	HCD-HMSn
0	45879	80.3055	2	271012	24267	213.0867	12.8	23	64	HCD-HMSn
0	45880	80.3077	2	364549	24073	185.1649	11.02	30	75	HCD-HMSn
0	45881	80.3090	1	7.7375E+08	3.9518E+07	598.3697	204.6	1286	1286	MS
0	45882	80.3112	2	199250	14230	199.1808	9.51	21	68	HCD-HMSn
0	45883	80.3133	2	147798	14153	229.1178	10.32	14	48	HCD-HMSn
0	45884	80.3155	2	493735	30467	1207.6723	14.87	41	93	HCD-HMSn
0	45885	80.3177	2	78633	12663	210.0617	10.61	4	29	HCD-HMSn
0	45886	80.3198	2	36322	11170	210.635	11.92	3	9	HCD-HMSn
0	45887	80.3220	2	21696	5405.8	302.2783	4.544	2	8	HCD-HMSn
0	45888	80.3232	2	346844	80845	159.0917	21.11	8	40	HCD-HMSn
0	45889	80.3253	2	540351	29871	136.0758	16.09	34	123	HCD-HMSn
0	45890	80.3273	2	289536	32872	211.1442	17.24	19	60	HCD-HMSn
0	45891	80.3295	2	129787	11828	136.0756	8.145	13	47	HCD-HMSn
0	45892	80.3317	2	182366	15049	302.3099	10.47	19	57	HCD-HMSn
0	45893	80.3338	2	46106	12812	211.5447	9.63	4	12	HCD-HMSn
0	45894	80.3352	1	7.5661E+08	6.1678E+07	598.3698	295.4	1237	1237	MS
0	45895	80.3363	2	622851	111972	228.1343	10.05	6	31	HCD-HMSn
0	45896	80.3385	2	200669	18497	136.0758	13.02	15	65	HCD-HMSn
0	45897	80.3398	2	558008	99105	186.0875	27.85	17	55	HCD-HMSn
0	45898	80.3420	2	163884	22607	110.0717	11.9	16	38	HCD-HMSn
0	45899	80.3442	2	186212	16564	302.2978	10.33	17	55	HCD-HMSn
0	45900	80.3465	2	80640	11426	302.2917	8.715	6	33	HCD-HMSn
0	45901	80.3487	2	168833	13822	302.2912	10.2	17	59	HCD-HMSn
0	45902	80.3508	2	122545	20953	302.2917	13.08	6	48	HCD-HMSn
0	45903	80.3530	2	45609	16653	302.2887	13.82	2	18	HCD-HMSn
0	45904	80.3552	2	93215	21551	159.0916	17.73	7	32	HCD-HMSn
0	45905	80.3573	2	147254	28315	120.081	18.88	10	47	HCD-HMSn
0	45906	80.3597	2	101808	15126	211.5433	10.77	8	40	HCD-HMSn
0	45907	80.3610	1	7.1297E+08	8.9215E+07	598.3697	395.1	1143	1143	MS
0	45908	80.3645	2	67722	11555	120.0809	8.426	4	28	HCD-HMSn
0	45909	80.3667	2	40441	8000.3	302.2829	7.162	3	18	HCD-HMSn
0	45910	80.3675	2	658081	86564	129.1025	12.68	8	42	HCD-HMSn
0	45911	80.3697	2	125524	36182	209.2147	24.98	9	26	HCD-HMSn
0	45912	80.3720	2	75641	22317	210.5515	17.13	4	25	HCD-HMSn
0	45913	80.3740	2	10688	7561.7	302.2863	8.73	0	3	HCD-HMSn
0	45914	80.3762	2	211887	16895	688.3586	11.1	18	71	HCD-HMSn
0	45915	80.3785	2	136412	15574	302.2893	10.79	11	49	HCD-HMSn
0	45916	80.3807	2	71360	15650	302.3066	9.603	5	24	HCD-HMSn
0	45917	80.3828	2	39728	14994	302.298	13.48	3	11	HCD-HMSn
0	45918	80.3850	2	72123	20832	209.1897	14	3	18	HCD-HMSn
0	45919	80.3872	2	90280	17442	211.5571	9.906	7	31	HCD-HMSn
0	45920	80.3885	1	7.5704E+08	1.2834E+08	598.3696	540.3	1045	1045	MS
0	45921	80.3908	2	124247	15202	302.293	9.365	10	43	HCD-HMSn
0	45922	80.3930	2	65174	35290	209.2446	30.28	4	17	HCD-HMSn
0	45923	80.3942	2	77334	21897	302.2889	8.759	1	19	HCD-HMSn
0	45924	80.3957	2	261830	39749	210.7629	15.18	11	43	HCD-HMSn
0	45925	80.3977	2	50677	14336	209.8257	14.3	3	6	HCD-HMSn
0	45926	80.3997	2	24767	14534	302.2974	16.72	1	9	HCD-HMSn
0	45927	80.4020	2	214220	13108	946.4619	7.527	20	62	HCD-HMSn
0	45928	80.4042	2	122141	16770	302.2863	10.99	11	44	HCD-HMSn
0	45929	80.4063	2	74965	39541	209.2537	27.54	3	15	HCD-HMSn
0	45930	80.4078	2	247290	51958	209.3251	24.21	14	44	HCD-HMSn
0	45931	80.4100	2	63323	26024	120.0809	24.44	4	21	HCD-HMSn
0	45932	80.4122	2	155770	21939	136.076	15.39	13	54	HCD-HMSn
0	45933	80.4137	1	7.6436E+08	1.5977E+08	598.3694	647.5	934	934	MS
0	45934	80.4158	2	111032	13363	302.2921	9.581	8	41	HCD-HMSn
0	45935	80.4180	2	51174	8040.7	773.4666	5.753	3	22	HCD-HMSn
0	45936	80.4193	2	202323	34630	120.0811	10.95	9	32	HCD-HMSn
0	45937	80.4215	2	241402	25908	159.0918	15.16	22	63	HCD-HMSn
0	45938	80.4237	2	62913	27549	209.3926	26.48	4	12	HCD-HMSn
0	45939	80.4258	2	55946	20008	210.5638	19.26	4	18	HCD-HMSn
0	45940	80.4280	2	21844	11220	302.3062	12.87	0	11	HCD-HMSn
0	45941	80.4302	2	225552	36926	774.4098	25.35	17	70	HCD-HMSn
0	45942	80.4323	2	41433	8845	302.2825	7.205	3	18	HCD-HMSn
0	45943	80.4345	2	263742	26744	301.1876	17.36	19	72	HCD-HMSn
0	45944	80.4367	2	63139	9465.7	302.3195	8.257	3	29	HCD-HMSn
0	45945	80.4388	2	55548	11333	211.5655	9.579	4	21	HCD-HMSn
0	45946	80.4402	1	8.8524E+08	2.087E+08	598.3693	695.6	862	862	MS
0	45947	80.4417	2	216928	41298	157.1335	17.48	7	35	HCD-HMSn
0	45948	80.4438	2	58700	33918	209.5592	27.97	3	13	HCD-HMSn
0	45949	80.4460	2	61142	23515	209.6195	14.08	4	13	HCD-HMSn
0	45950	80.4482	2	85278	21407	120.081	15.35	6	22	HCD-HMSn
0	45951	80.4505	2	82112	34832	209.3562	24.08	4	23	HCD-HMSn
0	45952	80.4525	2	133809	16195	302.2924	10.2	14	33	HCD-HMSn
0	45953	80.4548	2	82964	7847.6	302.3203	6.162	8	34	HCD-HMSn
0	45954	80.4570	2	53715	14315	302.2943	12.01	1	25	HCD-HMSn
0	45955	80.4592	2	58105	10618	302.3097	8.491	4	23	HCD-HMSn
0	45956	80.4613	2	125635	27631	209.863	20.36	9	44	HCD-HMSn
0	45957	80.4635	2	37635	16635	302.2925	18.24	4	14	HCD-HMSn
0	45958	80.4657	2	43450	13125	211.567	10.99	2	14	HCD-HMSn
0	45959	80.4672	1	1.0009E+09	2.5802E+08	598.3692	778.3	803	803	MS
0	45960	80.4693	2	78752	7776.5	200.139	5.803	9	31	HCD-HMSn
0	45961	80.4715	2	104395	24629	120.081	18.13	4	42	HCD-HMSn
0	45962	80.4728	2	270432	30062	302.2994	12.77	14	56	HCD-HMSn
0	45963	80.4750	2	1.2257E+06	104184	1312.6834	38.94	56	145	HCD-HMSn
0	45964	80.4767	2	378346	121664	763.4091	61.88	14	54	HCD-HMSn
0	45965	80.4788	2	85346	10387	120.0809	7.944	8	37	HCD-HMSn
0	45966	80.4810	2	162768	16508	169.1337	12.36	13	53	HCD-HMSn
0	45967	80.4832	2	142719	25987	120.0809	17.42	12	49	HCD-HMSn
0	45968	80.4853	2	96968	14551	302.3118	11.21	8	42	HCD-HMSn
0	45969	80.4875	2	29876	10661	302.3198	8.744	0	9	HCD-HMSn
0	45970	80.4898	2	64071	32562	209.325	25.13	2	13	HCD-HMSn
0	45971	80.4918	2	92265	14615	211.5604	12.4	7	31	HCD-HMSn
0	45972	80.4933	1	1.1357E+09	3.03E+08	598.3694	805.6	749	749	MS
0	45973	80.4953	2	42693	9787.7	302.3106	7.338	4	13	HCD-HMSn
0	45974	80.4975	2	90106	15402	302.3003	11.9	7	34	HCD-HMSn
0	45975	80.4985	2	743205	85617	1311.6825	11.83	13	37	HCD-HMSn
0	45976	80.5002	2	299456	23328	199.1805	10.63	20	66	HCD-HMSn
0	45977	80.5023	2	243168	19642	680.3729	10.46	24	68	HCD-HMSn
0	45978	80.5045	2	116725	11081	302.3077	7.318	11	41	HCD-HMSn
0	45979	80.5067	2	141990	22117	169.1336	14.8	12	43	HCD-HMSn
0	45980	80.5087	2	123866	18144	302.2934	13.75	9	43	HCD-HMSn
0	45981	80.5110	2	53765	9537.8	302.3146	7.058	5	19	HCD-HMSn
0	45982	80.5130	2	213059	31025	185.1648	18.23	17	58	HCD-HMSn
0	45983	80.5152	2	40197	11340	302.3009	11.95	3	19	HCD-HMSn
0	45984	80.5173	2	166422	13308	211.56	7.657	19	51	HCD-HMSn
0	45985	80.5187	1	1.2054E+09	3.2215E+08	598.3692	821.5	699	699	MS
0	45986	80.5228	2	66161	13906	302.312	11.09	5	25	HCD-HMSn
0	45987	80.5250	2	68526	11271	302.3095	9.113	7	21	HCD-HMSn
0	45988	80.5267	2	166504	11258	302.3207	5.534	9	46	HCD-HMSn
0	45989	80.5288	2	194669	22257	263.1391	13.97	13	52	HCD-HMSn
0	45990	80.5310	2	314455	175637	724.4359	133	14	51	HCD-HMSn
0	45991	80.5332	2	77832	13716	302.291	11.16	6	32	HCD-HMSn
0	45992	80.5353	2	70021	6846.7	169.0974	4.364	7	27	HCD-HMSn
0	45993	80.5375	2	128105	32100	209.4522	18.52	10	35	HCD-HMSn
0	45994	80.5397	2	104103	26369	120.081	19.54	6	33	HCD-HMSn
0	45995	80.5418	2	54623	11626	302.3097	10.07	4	24	HCD-HMSn
0	45996	80.5440	2	103609	33296	209.4044	23.3	9	28	HCD-HMSn
0	45997	80.5462	2	62517	14319	211.5462	15.09	5	23	HCD-HMSn
0	45998	80.5475	1	1.2657E+09	3.2724E+08	598.3694	807.2	674	674	MS
0	45999	80.5497	2	143388	31379	209.4933	25.63	12	39	HCD-HMSn
0	46000	80.5518	2	93147	24864	120.0812	20.57	6	21	HCD-HMSn
