Dataset	ScanNumber	ScanTime	ScanType	TotalIonIntensity	BasePeakIntensity	BasePeakMZ	BasePeakSignalToNoiseRatio	IonCount	IonCountRaw	ScanTypeName
0	4000	55.0797	2	2.0761E+07	4.4083E+06	648.8223	215.4	226	1586	CID-MSn
0	4001	55.0877	2	1.8534E+07	904312	1080.5679	136.7	959	7027	CID-MSn
0	4002	55.0960	2	2.6245E+06	211679	552.9745	77.44	401	3526	CID-MSn
0	4003	55.1072	2	360243	63044	623.8066	51.45	104	1345	CID-MSn
0	4004	55.1203	2	2.7939E+06	594033	1126.0863	598.6	303	2341	CID-MSn
0	4005	55.1348	1	5.1471E+08	1.604E+07	527.9351	433.7	40239	40239	MS
0	4006	55.1450	2	5.4463E+06	187855	1486.7874	113.8	1261	8303	CID-MSn
0	4007	55.1668	2	6.8395E+06	449424	905.9211	100.1	520	3834	CID-MSn
0	4008	55.1770	2	825556	77605	523.2978	44.48	182	1979	CID-MSn
0	4009	55.1888	2	2.2213E+06	189438	863.9296	77.84	397	3679	CID-MSn
0	4010	55.1972	2	9.5582E+06	314722	1486.7882	137.9	1518	9539	CID-MSn
0	4011	55.2095	2	348173	18259	914.4222	22.5	222	1877	CID-MSn
0	4012	55.2273	1	4.9601E+08	1.2279E+07	527.9351	338.8	40591	40591	MS
0	4013	55.2375	2	2.7073E+06	523549	689.8545	241.5	322	2727	CID-MSn
0	4014	55.2527	2	6.3191E+06	352407	914.0173	163.3	1014	7250	CID-MSn
0	4015	55.2670	2	940922	41457	723.8805	24.37	261	2505	CID-MSn
0	4016	55.2782	2	4.2698E+06	576480	554.301	160.9	408	3195	CID-MSn
0	4017	55.2873	2	8.1718E+06	1.0499E+06	689.855	302.1	508	3616	CID-MSn
0	4018	55.2972	2	759499	51897	650.3859	25.48	171	2020	CID-MSn
0	4019	55.3075	1	6.1259E+08	1.8797E+07	714.8722	427.5	38911	38911	MS
0	4020	55.3187	2	4.607E+06	800145	565.3113	237.2	370	2955	CID-MSn
0	4021	55.3320	2	3.6859E+06	494892	715.3429	247.5	511	4044	CID-MSn
0	4022	55.3417	2	1.8973E+06	362456	1795.8607	294.1	430	3464	CID-MSn
0	4023	55.3602	2	2.5218E+06	170340	966.4939	63.45	413	3193	CID-MSn
0	4024	55.3705	2	6.8056E+06	635796	905.9199	95.2	348	2817	CID-MSn
0	4025	55.3795	2	5.4858E+06	760551	625.8205	181	391	2713	CID-MSn
0	4026	55.3880	1	7.4125E+08	2.2208E+07	714.8722	478.5	40368	40368	MS
0	4027	55.3992	2	2.6611E+07	6.8932E+06	658.4102	722.9	412	2845	CID-MSn
0	4028	55.4075	2	5.9093E+07	1.3266E+07	657.9099	971.9	470	3286	CID-MSn
0	4029	55.4165	2	2.6921E+06	633692	620.3765	253.8	339	2455	CID-MSn
0	4030	55.4265	2	6.4604E+07	1.2398E+07	657.9105	924	536	3528	CID-MSn
0	4031	55.4338	2	1.5209E+06	108739	603.3278	52.74	302	2533	CID-MSn
0	4032	55.4455	2	1.4317E+06	132335	1082.5139	130.2	345	2052	CID-MSn
0	4033	55.4658	1	6.9665E+08	2.4347E+07	510.9675	622.7	38271	38271	MS
0	4034	55.4758	2	3.116E+07	3.6175E+06	657.9094	241.4	504	3175	CID-MSn
0	4035	55.4875	2	4.0106E+07	4.8946E+06	658.4108	310.9	560	3562	CID-MSn
0	4036	55.4977	2	1.4542E+07	2.0373E+06	648.9039	293.2	530	3916	CID-MSn
0	4037	55.5057	2	1.1589E+06	105306	641.3627	44.76	223	2063	CID-MSn
0	4038	55.5170	2	2.9938E+06	417712	565.278	115.4	207	1465	CID-MSn
0	4039	55.5270	2	8.2156E+06	551417	915.0176	106.9	550	4134	CID-MSn
0	4040	55.5353	1	9.4266E+08	4.3385E+07	510.9672	833.7	34936	34936	MS
0	4041	55.5465	2	5.1179E+06	995258	540.7951	338.1	364	2715	CID-MSn
0	4042	55.5588	2	9.3061E+06	557062	896.4111	135.2	639	4767	CID-MSn
0	4043	55.5657	2	5.7667E+06	253165	505.2701	75.89	718	5562	CID-MSn
0	4044	55.5775	2	1.4958E+06	71944	606.6315	27.61	276	2362	CID-MSn
0	4045	55.5885	2	2.1879E+06	230730	541.3317	117.5	393	2528	CID-MSn
0	4046	55.6015	2	1.9925E+07	1.1606E+06	896.4115	175.3	707	4395	CID-MSn
0	4047	55.6072	1	1.04E+09	5.6394E+07	510.9678	1112	32701	32701	MS
0	4048	55.6208	2	1.9738E+07	4.1298E+06	540.796	632.4	530	3665	CID-MSn
0	4049	55.6332	2	3.3205E+06	425961	390.6812	180.4	377	2558	CID-MSn
0	4050	55.6440	2	2.0204E+06	240862	870.9205	96.04	320	2542	CID-MSn
0	4051	55.6545	2	434452	65872	990.5607	86.81	200	1480	CID-MSn
0	4052	55.6717	2	5.626E+06	575913	990.5617	375.5	837	5176	CID-MSn
0	4053	55.6913	2	308310	33115	191.6605	17.69	73	927	CID-MSn
0	4054	55.7023	1	1.3977E+09	8.8246E+07	765.9485	1425	28932	28932	MS
0	4055	55.7100	2	3.0016E+06	670025	733.3474	183.1	238	1690	CID-MSn
0	4056	55.7260	2	7.8145E+06	2.6355E+06	333.1928	747.9	273	1880	CID-MSn
0	4057	55.7367	2	1.1608E+06	102781	899.4152	26.26	163	1358	CID-MSn
0	4058	55.7455	2	1.1662E+07	1.7527E+06	540.796	417.6	595	4373	CID-MSn
0	4059	55.7543	2	1.1061E+06	194822	644.8363	119.1	223	1779	CID-MSn
0	4060	55.7678	2	1.6603E+06	135224	597.3039	67.5	318	2509	CID-MSn
0	4061	55.7767	1	1.5402E+09	1.2127E+08	457.7148	1957	27889	27889	MS
0	4062	55.7867	2	2.6923E+06	500018	1080.5864	292.2	322	2275	CID-MSn
0	4063	55.8042	2	6.4562E+06	724341	1081.5895	334	577	3785	CID-MSn
0	4064	55.8167	2	2.2684E+06	164230	916.9747	150	717	5239	CID-MSn
0	4065	55.8348	2	367550	29967	711.8492	21.27	124	1563	CID-MSn
0	4066	55.8498	2	3.3106E+06	418981	650.4074	90.07	316	2445	CID-MSn
0	4067	55.8597	2	542216	51604	787.4121	39.77	197	1884	CID-MSn
0	4068	55.8732	1	1.6486E+09	1.4912E+08	457.7141	2077	23662	23662	MS
0	4069	55.8810	2	1.0392E+07	1.0908E+06	972.444	411.3	982	6100	CID-MSn
0	4070	55.9005	2	1.7304E+08	2.9099E+07	540.7963	498.8	472	3325	CID-MSn
0	4071	55.9083	2	8.1897E+06	799790	191.6647	17.71	68	992	CID-MSn
0	4072	55.9162	2	1.0887E+07	1.5971E+06	805.4227	444.1	435	2828	CID-MSn
0	4073	55.9268	2	742205	52624	666.3781	51.42	294	2305	CID-MSn
0	4074	55.9440	2	1.9211E+07	3.8055E+06	450.2102	88.34	133	1115	CID-MSn
0	4075	55.9515	1	1.7355E+09	1.6841E+08	457.7139	2237	23372	23372	MS
0	4076	55.9593	2	2.0639E+06	262708	760.3681	104.9	273	2247	CID-MSn
0	4077	55.9735	2	2.4796E+06	240940	762.45	191.6	655	4530	CID-MSn
0	4078	55.9915	2	6.3578E+06	443674	480.2591	137.7	535	3366	CID-MSn
0	4079	56.0032	2	698519	152193	828.4019	205.5	245	1949	CID-MSn
0	4080	56.0225	2	663130	54073	1126.5658	62.64	318	2824	CID-MSn
0	4081	56.0382	2	1.4448E+06	105639	1126.5664	92.75	469	3849	CID-MSn
0	4082	56.0532	1	1.5447E+09	1.5082E+08	457.714	2274	24472	24472	MS
0	4083	56.0667	2	3.6283E+06	424409	191.6612	15.3	55	801	CID-MSn
0	4084	56.0775	2	169413	19942	784.4293	27.74	103	1388	CID-MSn
0	4085	56.0977	2	1.5915E+06	131326	554.9733	84.55	402	3209	CID-MSn
0	4086	56.1112	2	77316	6350.9	316.9498	7.472	30	652	CID-MSn
0	4087	56.1240	2	2.1168E+06	156296	1018.4501	146.3	631	4370	CID-MSn
0	4088	56.1435	2	1.3975E+06	296530	649.0321	196.4	267	2310	CID-MSn
0	4089	56.1568	1	1.6653E+09	1.6008E+08	457.7138	2122	23958	23958	MS
0	4090	56.1677	2	5.4855E+06	1.0147E+06	649.3659	221.8	373	3219	CID-MSn
0	4091	56.1797	2	1.4734E+07	2.3971E+06	805.4226	529.7	506	3526	CID-MSn
0	4092	56.1885	2	1.2442E+06	193515	435.7964	82.86	218	1644	CID-MSn
0	4093	56.2000	2	7.2048E+06	1.1831E+06	1434.8428	481.1	675	4879	CID-MSn
0	4094	56.2097	2	2.2819E+06	602456	730.4049	362.6	274	2277	CID-MSn
0	4095	56.2243	2	3.2279E+06	1.4861E+06	638.847	731.6	294	2660	CID-MSn
0	4096	56.2363	1	1.4422E+09	1.3148E+08	457.7141	2036	25945	25945	MS
0	4097	56.2442	2	97784	11704	316.943	8.184	33	467	CID-MSn
0	4098	56.2597	2	3.0007E+06	112514	1485.782	101.7	1214	8385	CID-MSn
0	4099	56.2827	2	1.8041E+06	137123	763.3663	85.65	460	3352	CID-MSn
0	4100	56.2953	2	319242	40849	680.0113	31.03	106	1249	CID-MSn
0	4101	56.3085	2	1.1056E+06	674069	787.4122	557.7	150	1490	CID-MSn
0	4102	56.3238	2	816105	146243	306.1603	108.8	170	1029	CID-MSn
0	4103	56.3378	1	1.6203E+09	1.2896E+08	457.7142	1837	25584	25584	MS
0	4104	56.3455	2	9.325E+06	607237	1064.5306	133.5	698	4741	CID-MSn
0	4105	56.3627	2	5.6602E+06	1.9121E+06	513.2781	579.4	424	3053	CID-MSn
0	4106	56.3733	2	2.0941E+06	244764	509.7271	150.1	472	3681	CID-MSn
0	4107	56.3862	2	83393	11680	1011.0028	22.85	63	775	CID-MSn
0	4108	56.4085	2	330145	27997	636.7744	15.73	75	1001	CID-MSn
0	4109	56.4205	2	5.9984E+06	305332	1837.9158	128.6	979	7194	CID-MSn
0	4110	56.4300	1	1.4135E+09	9.5015E+07	457.7145	1706	27242	27242	MS
0	4111	56.4437	2	6.3465E+06	1.0668E+06	469.7439	208.6	302	2194	CID-MSn
0	4112	56.4527	2	2.9369E+07	2.922E+06	595.8008	424.2	618	3897	CID-MSn
0	4113	56.4637	2	8.7983E+06	1.12E+06	733.3476	234.9	469	3124	CID-MSn
0	4114	56.4738	2	4.3442E+06	914726	412.9014	694	382	2616	CID-MSn
0	4115	56.4888	2	1.9361E+06	312427	875.4691	240.7	375	2697	CID-MSn
0	4116	56.5047	2	990369	273087	658.8623	177.3	189	1595	CID-MSn
0	4117	56.5175	1	1.7765E+09	1.0956E+08	457.7142	1511	25789	25789	MS
0	4118	56.5288	2	2.9687E+08	6.5468E+07	565.2791	980.7	432	2727	CID-MSn
0	4119	56.5382	2	6.1851E+06	1.2407E+06	513.2784	531.6	478	3052	CID-MSn
0	4120	56.5515	2	1.3898E+06	329559	845.4319	230.9	236	1873	CID-MSn
0	4121	56.5617	2	1.5312E+06	240611	735.4133	161.5	302	2132	CID-MSn
0	4122	56.5777	2	1.4924E+06	56640	1018.4505	39.97	485	3808	CID-MSn
0	4123	56.5900	2	427649	222380	1459.804	355.4	121	1009	CID-MSn
0	4124	56.6123	1	1.5671E+09	7.2459E+07	457.7148	1180	26396	26396	MS
0	4125	56.6245	2	1.627E+08	2.8686E+07	540.7953	619.7	479	2998	CID-MSn
0	4126	56.6367	2	5.957E+07	3.3273E+06	565.2793	143.6	668	3860	CID-MSn
0	4127	56.6413	2	5.8184E+07	3.4223E+06	565.2793	150.7	639	3802	CID-MSn
0	4128	56.6515	2	1.6528E+08	2.9047E+07	540.796	690.5	508	3073	CID-MSn
0	4129	56.6593	2	5.2179E+07	2.6779E+06	565.2798	237.6	993	5667	CID-MSn
0	4130	56.6670	2	2.9595E+07	1.5558E+07	645.8549	1570	337	2431	CID-MSn
0	4131	56.6743	1	1.6259E+09	7.9164E+07	493.2762	1227	26513	26513	MS
0	4132	56.6857	2	3.1327E+06	443222	390.6812	69.96	212	1864	CID-MSn
0	4133	56.6940	2	1.896E+06	113948	191.6616	16.79	136	1495	CID-MSn
0	4134	56.7043	2	5.034E+06	482781	907.0449	215.5	562	3755	CID-MSn
0	4135	56.7175	2	5.4702E+07	1.018E+07	540.7965	713.3	604	3987	CID-MSn
0	4136	56.7248	2	354691	24157	1646.8148	24.49	172	1757	CID-MSn
0	4137	56.7390	2	8.3761E+06	1.1097E+06	1008.5261	298.5	563	3932	CID-MSn
0	4138	56.7485	1	1.4603E+09	7.6871E+07	493.2766	1379	27220	27220	MS
0	4139	56.7585	2	1.1005E+07	928040	733.3463	141.4	446	3220	CID-MSn
0	4140	56.7742	2	2.3429E+06	486183	540.7954	277.1	347	2509	CID-MSn
0	4141	56.7860	2	1.8738E+06	466445	333.1928	198.7	210	1560	CID-MSn
0	4142	56.7978	2	1.9577E+08	3.2754E+07	730.4066	666	431	2541	CID-MSn
0	4143	56.8022	2	1.0417E+06	206796	662.3969	246.8	294	2032	CID-MSn
0	4144	56.8243	2	4.6662E+06	486194	1049.5248	175.1	458	3054	CID-MSn
0	4145	56.8358	1	1.6132E+09	8.645E+07	493.2765	1388	28371	28371	MS
0	4146	56.8433	2	8.1297E+06	1.1239E+06	1008.527	343.7	593	4034	CID-MSn
0	4147	56.8607	2	1.0863E+07	1.8558E+06	447.234	428.8	465	2802	CID-MSn
0	4148	56.8698	2	7.5788E+06	1.0537E+06	560.3174	323.7	558	3807	CID-MSn
0	4149	56.8793	2	4.1144E+06	611855	557.2551	254.9	434	3213	CID-MSn
0	4150	56.8913	2	2.5065E+06	211764	967.4501	117.5	507	3659	CID-MSn
0	4151	56.9017	2	4.5787E+06	2.9201E+06	714.3677	1090	181	1630	CID-MSn
0	4152	56.9105	1	1.3986E+09	7.9711E+07	493.2762	1402	26843	26843	MS
0	4153	56.9240	2	6.6413E+07	1.6096E+07	565.2791	984.1	412	2684	CID-MSn
0	4154	56.9353	2	5.187E+06	894214	540.7955	268	440	2930	CID-MSn
0	4155	56.9463	2	994030	94636	966.9482	59.06	262	2741	CID-MSn
0	4156	56.9597	2	5.4014E+06	3.1575E+06	601.281	1128	402	3414	CID-MSn
0	4157	56.9675	2	482482	30103	421.2324	22.68	158	1814	CID-MSn
0	4158	56.9817	2	3.3276E+06	429706	560.3154	178.2	380	2493	CID-MSn
0	4159	56.9938	1	1.4256E+09	8.5953E+07	674.8765	1430	27480	27480	MS
0	4160	57.0015	2	1.427E+06	307876	760.3687	181.9	220	1781	CID-MSn
0	4161	57.0210	2	2.176E+06	417387	797.9189	199.5	265	2263	CID-MSn
0	4162	57.0327	2	5.881E+06	836808	657.3543	325	420	2950	CID-MSn
0	4163	57.0430	2	253790	11070	603.8115	13.84	154	1804	CID-MSn
0	4164	57.0578	2	128233	18238	1250.6711	35.08	110	993	CID-MSn
0	4165	57.0803	2	2.9384E+06	333336	827.4498	233.1	529	4399	CID-MSn
0	4166	57.0932	1	9.9732E+08	5.9619E+07	674.8771	1270	28512	28512	MS
0	4167	57.1033	2	830693	48261	720.4131	46.03	397	3247	CID-MSn
0	4168	57.1272	2	1.722E+06	276566	414.228	307.1	405	2774	CID-MSn
0	4169	57.1465	2	1.7874E+06	461120	464.7517	220.8	287	2457	CID-MSn
0	4170	57.1573	2	1.3161E+06	158729	191.6588	18.27	69	930	CID-MSn
0	4171	57.1657	2	501219	20527	880.791	15.92	191	2136	CID-MSn
0	4172	57.1788	2	3.5389E+07	1.9442E+07	646.3561	1555	155	1169	CID-MSn
0	4173	57.1857	1	7.0846E+08	4.1278E+07	674.8748	894	28123	28123	MS
0	4174	57.1933	2	4.8876E+07	7.8181E+06	618.8484	406.7	414	2771	CID-MSn
0	4175	57.2080	2	2.7965E+08	4.0335E+07	412.5679	713.2	444	2606	CID-MSn
0	4176	57.2158	2	9.1512E+07	1.2388E+07	730.4064	550.1	537	3345	CID-MSn
0	4177	57.2240	2	1.9418E+07	2.7017E+06	654.5942	468.7	682	5027	CID-MSn
0	4178	57.2335	2	1.1852E+06	98559	600.3917	52.23	263	2454	CID-MSn
0	4179	57.2427	2	3.6262E+06	409847	728.3568	202.3	537	4196	CID-MSn
0	4180	57.2545	1	7.9107E+08	3.9317E+07	493.2767	938.6	33252	33252	MS
0	4181	57.2645	2	5.1648E+06	1.4331E+06	1104.615	387.4	256	1964	CID-MSn
0	4182	57.2810	2	6.4746E+06	936843	798.4181	224.4	416	2755	CID-MSn
0	4183	57.2913	2	995724	79877	513.7797	59.64	326	2461	CID-MSn
0	4184	57.3058	2	8.7436E+06	790336	795.4097	221	463	3022	CID-MSn
0	4185	57.3167	2	832150	76259	764.4144	45.51	197	1598	CID-MSn
0	4186	57.3283	2	1.3429E+06	423445	510.2764	265	273	2211	CID-MSn
0	4187	57.3382	1	7.2064E+08	2.8612E+07	492.284	723.8	36557	36557	MS
0	4188	57.3518	2	1.2124E+06	144036	440.7409	88.66	298	2404	CID-MSn
0	4189	57.3683	2	927547	63653	812.5229	48.06	253	2427	CID-MSn
0	4190	57.3815	2	1.7502E+06	376626	815.9059	291.7	296	2643	CID-MSn
0	4191	57.3960	2	883667	50028	737.4238	37.45	299	2484	CID-MSn
0	4192	57.4100	2	1.4121E+07	3.9697E+06	552.8103	655.6	549	3652	CID-MSn
0	4193	57.4197	2	814593	55741	339.6813	42.14	270	2564	CID-MSn
0	4194	57.4330	1	7.3113E+08	4.4244E+07	492.2837	1030	35461	35461	MS
0	4195	57.4405	2	8.6393E+06	464542	686.9859	67.68	479	3156	CID-MSn
0	4196	57.4567	2	2.9908E+06	955601	513.2781	369.5	289	2243	CID-MSn
0	4197	57.4682	2	409304	46469	465.1754	27.78	119	1419	CID-MSn
0	4198	57.4772	2	6.4434E+06	606382	1052.5729	190.1	583	4154	CID-MSn
0	4199	57.4870	2	1.0954E+07	560385	686.9873	58.5	460	3309	CID-MSn
0	4200	57.4963	2	877551	49622	728.4288	33.51	284	2452	CID-MSn
0	4201	57.5107	1	7.1164E+08	5.3021E+07	492.2837	1217	33672	33672	MS
0	4202	57.5205	2	2.1454E+07	3.1568E+06	596.3014	547.2	498	2980	CID-MSn
0	4203	57.5310	2	3.0494E+07	4.9887E+06	595.8006	801.1	506	2946	CID-MSn
0	4204	57.5422	2	2.0796E+06	181427	918.5137	86.16	391	3350	CID-MSn
0	4205	57.5510	2	4.5625E+06	397252	1071.0149	228.7	703	5017	CID-MSn
0	4206	57.5685	2	3.5378E+06	607309	766.7104	201.5	324	2731	CID-MSn
0	4207	57.5780	2	1.8522E+06	108374	822.424	48.32	359	3228	CID-MSn
0	4208	57.5895	1	8.0984E+08	5.6065E+07	492.2837	1217	34502	34502	MS
0	4209	57.6005	2	324228	27151	191.6636	16.52	80	1149	CID-MSn
0	4210	57.6155	2	1.3234E+06	99057	871.7747	94.16	485	4633	CID-MSn
0	4211	57.6298	2	3.1732E+06	193299	755.349	79.63	513	4691	CID-MSn
0	4212	57.6400	2	6.5211E+06	470828	751.0565	160.5	513	3670	CID-MSn
0	4213	57.6497	2	1.0754E+06	139077	191.6612	15.49	43	783	CID-MSn
0	4214	57.6600	2	3.0265E+06	254775	766.3742	82.65	345	2788	CID-MSn
0	4215	57.6705	1	7.822E+08	5.6174E+07	735.6786	1236	33731	33731	MS
0	4216	57.6815	2	1.369E+06	532034	636.3569	420	219	2115	CID-MSn
0	4217	57.6983	2	303640	19459	191.6649	15.11	117	1463	CID-MSn
0	4218	57.7108	2	4.1341E+06	992284	509.2778	577.1	425	3160	CID-MSn
0	4219	57.7237	2	801761	133195	733.3648	136.1	211	2287	CID-MSn
0	4220	57.7402	2	4.5071E+06	563039	594.999	267.1	573	4239	CID-MSn
0	4221	57.7532	2	417451	25686	518.3059	25.11	196	1764	CID-MSn
0	4222	57.7655	1	7.1529E+08	6.7082E+07	735.6785	1683	35885	35885	MS
0	4223	57.7790	2	8.3921E+06	1.099E+06	475.2758	326.8	448	2962	CID-MSn
0	4224	57.7930	2	722528	156663	1307.1609	265.6	256	2427	CID-MSn
0	4225	57.8137	2	306445	16111	746.8343	16.31	150	1735	CID-MSn
0	4226	57.8290	2	1.907E+06	141006	1078.0262	69.2	412	3811	CID-MSn
0	4227	57.8430	2	96476	9839	191.6634	16.65	72	958	CID-MSn
0	4228	57.8630	2	1.4579E+06	179712	595.3325	116.7	313	2500	CID-MSn
0	4229	57.8752	1	7.3828E+08	7.0448E+07	735.678	1618	37320	37320	MS
0	4230	57.8852	2	5.0751E+06	387534	907.0444	120.3	628	4709	CID-MSn
0	4231	57.8995	2	303581	20108	708.4332	14.02	100	1239	CID-MSn
0	4232	57.9092	2	1.1474E+06	45729	777.369	25.29	282	3119	CID-MSn
0	4233	57.9225	2	6.5742E+06	1.2316E+06	645.8552	380.1	594	4500	CID-MSn
0	4234	57.9337	2	1.3076E+06	120879	760.0909	81.89	326	2652	CID-MSn
0	4235	57.9473	2	349554	23644	760.9064	20.36	135	1732	CID-MSn
0	4236	57.9590	1	5.4844E+08	4.6581E+07	735.6782	1354	38088	38088	MS
0	4237	57.9713	2	1.5008E+06	261624	559.6182	156.8	170	1663	CID-MSn
0	4238	57.9883	2	2.2545E+06	68114	796.9422	31.93	515	4358	CID-MSn
0	4239	58.0012	2	1.3688E+06	437864	581.3256	441.9	226	1824	CID-MSn
0	4240	58.0175	2	1.6688E+06	117964	430.7336	54.08	322	2727	CID-MSn
0	4241	58.0280	2	1.6224E+06	265077	559.618	125.1	210	1848	CID-MSn
0	4242	58.0398	2	609615	141463	441.9211	267.5	235	1893	CID-MSn
0	4243	58.0638	1	5.0562E+08	3.0678E+07	735.678	857.2	39018	39018	MS
0	4244	58.0713	2	983800	39930	783.8688	33.74	389	3085	CID-MSn
0	4245	58.0940	2	2.0989E+06	62261	871.993	31.13	561	4110	CID-MSn
0	4246	58.1055	2	5.3176E+06	644716	760.3687	230.8	599	4857	CID-MSn
0	4247	58.1135	2	1.1764E+06	63182	1138.0417	55.14	395	3367	CID-MSn
0	4248	58.1288	2	3.0488E+06	211921	755.5991	90.99	561	4345	CID-MSn
0	4249	58.1418	2	3.8931E+06	411228	821.4742	143.2	525	3872	CID-MSn
0	4250	58.1518	1	4.6952E+08	1.559E+07	735.6787	459	40857	40857	MS
0	4251	58.1630	2	1.1196E+07	770981	554.6373	178.4	789	5464	CID-MSn
0	4252	58.1767	2	590717	96578	638.3636	80.75	174	1736	CID-MSn
0	4253	58.1905	2	789199	96194	620.3504	72.62	242	2552	CID-MSn
0	4254	58.2015	2	1.004E+06	106484	752.8627	90.09	324	2800	CID-MSn
0	4255	58.2195	2	1.1308E+06	49765	710.4017	33.66	310	2625	CID-MSn
0	4256	58.2327	2	1.0491E+06	48989	790.392	29.31	303	2614	CID-MSn
0	4257	58.2420	1	4.253E+08	8.0597E+06	935.1077	252.3	41677	41677	MS
0	4258	58.2545	2	7.2695E+06	324093	800.0936	101.9	835	5895	CID-MSn
0	4259	58.2690	2	3.0812E+06	356000	795.4429	145.2	437	3383	CID-MSn
0	4260	58.2798	2	1.3056E+06	148432	587.6267	79.81	264	2515	CID-MSn
0	4261	58.2918	2	708324	36121	806.9112	22.63	223	1935	CID-MSn
0	4262	58.3013	2	1.426E+06	154992	1127.5802	182.7	566	4258	CID-MSn
0	4263	58.3250	2	1.1363E+06	116549	584.3339	87.79	302	2201	CID-MSn
0	4264	58.3393	1	4.2629E+08	1.057E+07	935.1074	326.2	42586	42586	MS
0	4265	58.3492	2	2.483E+06	584383	912.9595	242.5	342	3084	CID-MSn
0	4266	58.3652	2	259982	40741	563.8665	48.84	135	1539	CID-MSn
0	4267	58.3817	2	2.2282E+06	125914	1104.616	56.71	435	3704	CID-MSn
0	4268	58.3902	2	3.5051E+06	199910	1046.0149	72.45	509	4406	CID-MSn
0	4269	58.4022	2	1.8133E+06	101669	870.4367	50.15	382	3462	CID-MSn
0	4270	58.4132	2	2.9352E+06	303768	734.4298	246.9	676	5003	CID-MSn
0	4271	58.4270	1	3.6916E+08	8.9158E+06	935.1071	310	41592	41592	MS
0	4272	58.4372	2	4.5587E+06	230698	786.9313	73.23	454	3312	CID-MSn
0	4273	58.4538	2	2.4606E+06	670350	671.9066	315.7	337	2912	CID-MSn
0	4274	58.4642	2	890806	45691	369.1986	28.46	299	2534	CID-MSn
0	4275	58.4743	2	771937	141185	751.3575	173.8	268	2270	CID-MSn
0	4276	58.4938	2	2.3588E+06	148350	815.9057	67.44	425	3090	CID-MSn
0	4277	58.5060	2	662630	20401	884.9554	21.16	345	3473	CID-MSn
0	4278	58.5198	1	3.5597E+08	5.9088E+06	935.1069	207.4	41088	41088	MS
0	4279	58.5333	2	635258	108868	595.7988	70.73	166	1436	CID-MSn
0	4280	58.5490	2	2.2516E+06	158499	627.3029	72.29	422	3723	CID-MSn
0	4281	58.5610	2	854100	266799	732.9359	203.6	222	2044	CID-MSn
0	4282	58.5752	2	1.7327E+06	456581	670.6616	262.5	218	2540	CID-MSn
0	4283	58.5843	2	608404	102785	1067.0421	153.3	309	2865	CID-MSn
0	4284	58.6048	2	1.3492E+06	104085	877.9472	88.42	424	3434	CID-MSn
0	4285	58.6193	1	3.532E+08	6.3716E+06	797.1228	226.5	43440	43440	MS
0	4286	58.6293	2	2.3807E+06	259749	755.349	114.9	336	2928	CID-MSn
0	4287	58.6447	2	1.3982E+06	215695	604.2863	135.7	313	2744	CID-MSn
0	4288	58.6608	2	379141	55004	706.9325	48.26	125	1539	CID-MSn
0	4289	58.6748	2	3.2807E+06	263994	608.9802	123.6	601	4417	CID-MSn
0	4290	58.6843	2	519825	23006	191.654	14.12	168	1833	CID-MSn
0	4291	58.6990	2	3.739E+06	495801	671.9058	190.1	507	3806	CID-MSn
0	4292	58.7072	1	3.5369E+08	6.0272E+06	797.1222	184.5	40270	40270	MS
0	4293	58.7172	2	6.8E+06	350310	680.9786	100.1	677	4823	CID-MSn
0	4294	58.7313	2	1.1415E+06	77900	1007.1309	90.77	507	4504	CID-MSn
0	4295	58.7498	2	404398	33982	860.4611	58.61	295	2885	CID-MSn
0	4296	58.7760	2	1.0978E+06	42087	601.2817	21.33	282	3100	CID-MSn
0	4297	58.7883	2	1.2093E+06	174913	759.8885	98.75	295	2800	CID-MSn
0	4298	58.8010	2	1.3524E+06	146317	1131.5642	129.6	494	3987	CID-MSn
0	4299	58.8145	1	3.0362E+08	2.9495E+06	520.2988	110.9	44014	44014	MS
0	4300	58.8267	2	4.0729E+06	819471	632.6772	311.1	338	2779	CID-MSn
0	4301	58.8413	2	1.943E+06	350628	733.4365	187.8	317	2705	CID-MSn
0	4302	58.8533	2	1.2396E+06	245605	593.2728	246.7	223	1895	CID-MSn
0	4303	58.8693	2	1.4312E+06	145383	820.4184	76.67	278	2657	CID-MSn
0	4304	58.8823	2	815249	117297	825.8969	76.1	207	2055	CID-MSn
0	4305	58.8943	2	1.5342E+06	83699	1192.5399	46.98	387	3276	CID-MSn
0	4306	58.9057	1	3.5051E+08	3.3828E+06	647.0135	103.2	40429	40429	MS
0	4307	58.9167	2	2.2606E+06	270590	685.8787	188	365	2730	CID-MSn
0	4308	58.9338	2	965479	183352	576.8317	88.27	182	1611	CID-MSn
0	4309	58.9442	2	1.115E+06	258431	799.9285	182.3	233	2232	CID-MSn
0	4310	58.9563	2	2.2628E+06	193918	724.9245	101.4	336	2200	CID-MSn
0	4311	58.9692	2	1.453E+06	69714	734.3665	49.24	455	3711	CID-MSn
0	4312	58.9805	2	571167	64454	733.365	70.47	178	2151	CID-MSn
0	4313	58.9953	1	3.4261E+08	4.8691E+06	471.7117	163.4	43812	43812	MS
0	4314	59.0090	2	1.6835E+07	3.074E+06	633.0121	820.2	421	3092	CID-MSn
0	4315	59.0225	2	2.5078E+06	542161	571.2964	244.8	318	2459	CID-MSn
0	4316	59.0342	2	1.817E+06	265305	1116.5092	225.2	537	4023	CID-MSn
0	4317	59.0482	2	638540	57191	980.5649	42.46	191	1879	CID-MSn
0	4318	59.0642	2	2.0387E+06	85679	829.4091	31.81	358	3253	CID-MSn
0	4319	59.0750	2	3.0651E+06	292375	980.5659	118.2	453	3572	CID-MSn
0	4320	59.0832	1	3.5954E+08	6.2633E+06	649.0239	217.1	44620	44620	MS
0	4321	59.0967	2	2.4806E+06	596589	746.9135	308.8	277	2165	CID-MSn
0	4322	59.1108	2	3.1092E+06	168836	492.2547	72.69	595	5553	CID-MSn
0	4323	59.1218	2	1.095E+07	1.1693E+06	904.9503	286.5	589	4428	CID-MSn
0	4324	59.1310	2	2.9976E+06	226256	1122.6616	102.2	431	3493	CID-MSn
0	4325	59.1435	2	1.4636E+06	101365	645.8188	41.76	243	2208	CID-MSn
0	4326	59.1545	2	571347	62080	825.8977	64.25	246	2109	CID-MSn
0	4327	59.1683	1	4.0212E+08	1.1316E+07	649.0239	357.8	40394	40394	MS
0	4328	59.1817	2	3.2182E+07	2.9571E+06	713.8785	390.3	720	4677	CID-MSn
0	4329	59.1940	2	5.2223E+06	374408	1450.6855	214	793	6112	CID-MSn
0	4330	59.2050	2	2.2393E+06	308490	727.3488	143.1	384	3342	CID-MSn
0	4331	59.2155	2	2.0519E+06	104189	677.6562	51.43	468	3847	CID-MSn
0	4332	59.2285	2	1.5435E+06	40541	600.663	18.47	384	3359	CID-MSn
0	4333	59.2393	2	1.0076E+06	51905	1306.615	52.35	477	3743	CID-MSn
0	4334	59.2545	1	5.2012E+08	1.8021E+07	541.9662	498.4	37773	37773	MS
0	4335	59.2668	2	7.3469E+06	1.307E+06	904.4476	216.2	342	2608	CID-MSn
0	4336	59.2792	2	5.1858E+06	478455	860.4609	86.79	359	2826	CID-MSn
0	4337	59.2852	2	1.3013E+07	1.1535E+06	860.4617	167.1	570	3996	CID-MSn
0	4338	59.2962	2	1.9188E+06	222028	424.9166	140.3	305	2128	CID-MSn
0	4339	59.3093	2	1.0042E+06	129161	892.4586	102.8	251	2189	CID-MSn
0	4340	59.3212	2	492490	86605	932.4476	117.9	220	2036	CID-MSn
0	4341	59.3397	1	6.5976E+08	3.3221E+07	541.9667	874.3	37187	37187	MS
0	4342	59.3532	2	4.7173E+06	1.2348E+06	582.6248	414.7	305	2673	CID-MSn
0	4343	59.3668	2	5.4411E+06	182199	654.3038	30.21	431	3281	CID-MSn
0	4344	59.3760	2	967866	116968	469.2544	90.71	236	1980	CID-MSn
0	4345	59.3900	2	5.1423E+06	285443	677.6556	71.75	485	3580	CID-MSn
0	4346	59.3993	2	868826	46727	1422.7412	45.53	370	2963	CID-MSn
0	4347	59.4130	2	1.7686E+06	217172	773.3599	187.5	415	2934	CID-MSn
0	4348	59.4310	1	8.2343E+08	4.9711E+07	541.9667	1160	34527	34527	MS
0	4349	59.4432	2	1.6431E+07	1.9078E+06	860.4619	338.7	569	3974	CID-MSn
0	4350	59.4558	2	4.5246E+06	968816	857.4395	252.4	254	2141	CID-MSn
0	4351	59.4657	2	2.7169E+06	284575	892.4587	204.7	445	3147	CID-MSn
0	4352	59.4785	2	5.2926E+06	220013	1440.7754	117.6	1009	7193	CID-MSn
0	4353	59.4937	2	1.2909E+07	1.0977E+06	924.5252	190.6	613	4543	CID-MSn
0	4354	59.5032	2	609310	32292	447.7581	27.03	270	2098	CID-MSn
0	4355	59.5173	1	9.2681E+08	6.0638E+07	541.9666	1290	32057	32057	MS
0	4356	59.5250	2	5.4392E+06	575492	934.5346	207.1	581	4136	CID-MSn
0	4357	59.5393	2	3.7354E+06	377653	1023.5937	151	449	3482	CID-MSn
0	4358	59.5495	2	253064	17097	206.3253	10.48	64	1025	CID-MSn
0	4359	59.5635	2	3.53E+06	641733	667.8768	278.8	419	3229	CID-MSn
0	4360	59.5740	2	5.585E+06	583318	748.4457	240.9	688	4976	CID-MSn
0	4361	59.5833	2	6.0528E+06	1.7818E+06	591.3602	700.5	724	5566	CID-MSn
0	4362	59.5935	1	9.5877E+08	6.0008E+07	541.9667	1361	32997	32997	MS
0	4363	59.6035	2	1.5461E+06	937981	894.4135	631.6	174	1641	CID-MSn
0	4364	59.6242	2	5.1944E+06	1.2803E+06	744.891	426.7	444	3363	CID-MSn
0	4365	59.6348	2	2.5476E+06	279489	862.9584	168.8	522	4161	CID-MSn
0	4366	59.6493	2	1.9048E+06	201613	860.4612	57.4	212	1949	CID-MSn
0	4367	59.6597	2	675900	101588	748.4452	85.59	199	1805	CID-MSn
0	4368	59.6718	2	1.2784E+07	5.8529E+06	894.4149	1631	365	2400	CID-MSn
0	4369	59.6808	1	9.8198E+08	5.5142E+07	541.9669	1260	31813	31813	MS
0	4370	59.6943	2	1.152E+06	298344	862.9578	118.1	111	1401	CID-MSn
0	4371	59.7080	2	4.515E+06	171624	969.5068	58.73	661	5258	CID-MSn
0	4372	59.7163	2	972108	91475	755.3488	58.05	231	2420	CID-MSn
0	4373	59.7277	2	86811	9002.9	316.9284	7.731	31	554	CID-MSn
0	4374	59.7400	2	689496	72045	976.5026	52.54	209	1993	CID-MSn
0	4375	59.7527	2	3.2128E+06	253784	1105.5038	110.9	476	3820	CID-MSn
0	4376	59.7630	1	9.5351E+08	5.7032E+07	682.0087	1281	30797	30797	MS
0	4377	59.7753	2	4.2263E+06	227236	614.3604	42.42	373	3086	CID-MSn
0	4378	59.7887	2	3.3768E+07	1.6575E+06	921.9507	169.9	885	5823	CID-MSn
0	4379	59.7940	2	732236	71115	860.4607	49.37	216	1762	CID-MSn
0	4380	59.8098	2	1.9981E+06	194654	860.4606	42.26	166	1562	CID-MSn
0	4381	59.8192	2	3.6111E+06	1.2895E+06	744.8899	436.8	314	2476	CID-MSn
0	4382	59.8295	2	1.0236E+07	1.5698E+06	591.3602	373.3	641	4780	CID-MSn
0	4383	59.8360	1	8.838E+08	5.5301E+07	682.0089	1354	31768	31768	MS
0	4384	59.8463	2	1.8162E+06	152453	860.4605	75.76	290	2132	CID-MSn
0	4385	59.8657	2	841874	214842	470.7025	155.1	173	1318	CID-MSn
0	4386	59.8783	2	2.4086E+06	298012	763.4078	300.6	323	2014	CID-MSn
0	4387	59.8970	2	1.3733E+07	436312	630.3223	78.86	988	6914	CID-MSn
0	4388	59.9070	2	2.5015E+06	297193	691.7371	163.8	456	3269	CID-MSn
0	4389	59.9200	2	2.8231E+06	734779	897.4204	368	194	1526	CID-MSn
0	4390	59.9287	1	7.8513E+08	4.8083E+07	682.0086	1246	32730	32730	MS
0	4391	59.9392	2	383776	39859	975.5254	29.59	128	1238	CID-MSn
0	4392	59.9557	2	1.2561E+06	116511	1022.5325	102.8	424	3640	CID-MSn
0	4393	59.9755	2	1.3768E+06	416611	653.8502	320.8	233	1930	CID-MSn
0	4394	59.9897	2	1.9156E+06	211162	647.8635	149.9	302	2430	CID-MSn
0	4395	60.0038	2	195841	12524	717.3978	13.47	108	1281	CID-MSn
0	4396	60.0163	2	2.01E+06	187443	734.4293	252.5	663	4627	CID-MSn
0	4397	60.0387	1	7.6155E+08	3.6418E+07	682.0086	908.1	34039	34039	MS
0	4398	60.0488	2	911191	116491	788.4271	103.4	253	2136	CID-MSn
0	4399	60.0680	2	1.7017E+06	60555	936.3791	37.29	493	4276	CID-MSn
0	4400	60.0807	2	1.8711E+07	1.5036E+06	750.0237	272.2	823	5408	CID-MSn
0	4401	60.0912	2	5.8398E+06	461447	899.5477	80.04	395	2728	CID-MSn
0	4402	60.0993	2	1.458E+06	138977	588.7839	63.8	221	1926	CID-MSn
0	4403	60.1107	2	698133	30001	1157.5897	38.89	420	3402	CID-MSn
0	4404	60.1280	1	6.074E+08	3.2944E+07	677.3373	940.7	34403	34403	MS
0	4405	60.1382	2	1.1817E+07	1.0075E+06	750.0234	135.9	494	3470	CID-MSn
0	4406	60.1538	2	1.0164E+06	241334	687.8826	151.4	150	1392	CID-MSn
0	4407	60.1652	2	1.8824E+06	260765	576.3141	125.9	323	2570	CID-MSn
0	4408	60.1775	2	6.6763E+06	834419	1021.4974	274.4	534	3916	CID-MSn
0	4409	60.1852	2	3.2118E+06	331200	796.0375	115.1	330	2332	CID-MSn
0	4410	60.1978	2	9.0848E+06	553139	621.8265	156.2	536	3458	CID-MSn
0	4411	60.2085	1	6.391E+08	3.7696E+07	677.3375	973.7	33656	33656	MS
0	4412	60.2198	2	1.2244E+06	94934	822.5178	46.98	264	2370	CID-MSn
0	4413	60.2345	2	991963	55459	901.0258	35.97	281	2733	CID-MSn
0	4414	60.2447	2	3.4232E+06	346988	1417.7056	243.2	582	4412	CID-MSn
0	4415	60.2585	2	2.1195E+06	211052	704.8911	103.9	361	3373	CID-MSn
0	4416	60.2725	2	918961	314167	641.3433	333.7	240	2127	CID-MSn
0	4417	60.2875	2	722685	210329	682.3866	210	240	2061	CID-MSn
0	4418	60.3035	1	6.2353E+08	2.9288E+07	677.3373	822.3	35586	35586	MS
0	4419	60.3147	2	3.5843E+06	439427	563.7695	105.4	284	2327	CID-MSn
0	4420	60.3277	2	1.1929E+06	130962	1052.5724	166.6	612	4607	CID-MSn
0	4421	60.3483	2	1.0979E+06	67322	647.3856	66.56	394	2819	CID-MSn
0	4422	60.3648	2	2.8723E+06	73164	1023.8571	55.48	980	7101	CID-MSn
0	4423	60.3830	2	1.0006E+06	56504	593.2823	33.08	254	2107	CID-MSn
0	4424	60.3957	2	2.6039E+06	465754	682.3869	221.8	353	2598	CID-MSn
0	4425	60.4078	1	6.9429E+08	3.1221E+07	531.6273	814.3	34169	34169	MS
0	4426	60.4190	2	6.7771E+06	1.9199E+06	530.8128	965	276	2108	CID-MSn
0	4427	60.4335	2	2.1062E+06	170290	1024.9829	91.86	431	3480	CID-MSn
0	4428	60.4462	2	2.3581E+06	683039	578.2589	590.6	229	1648	CID-MSn
0	4429	60.4615	2	9.4492E+06	3.3416E+06	630.3701	747.5	463	3320	CID-MSn
0	4430	60.4707	2	976705	38694	817.9358	24.57	331	2677	CID-MSn
0	4431	60.4833	2	3.6306E+06	120932	745.4174	40.37	575	4315	CID-MSn
0	4432	60.4947	1	7.8978E+08	4.5726E+07	531.6273	1072	32524	32524	MS
0	4433	60.5058	2	2.0389E+06	137642	596.84	69.78	438	3124	CID-MSn
0	4434	60.5207	2	1.4865E+06	110656	860.4612	51.2	319	2731	CID-MSn
0	4435	60.5313	2	1.6401E+06	162438	1237.6418	140.3	504	4232	CID-MSn
0	4436	60.5450	2	1.0749E+06	228884	830.4751	126.3	209	1893	CID-MSn
0	4437	60.5583	2	1.6155E+06	182381	860.4612	102.8	335	2823	CID-MSn
0	4438	60.5700	2	1.134E+06	254700	747.0392	126.4	203	1954	CID-MSn
0	4439	60.5783	1	7.4871E+08	4.6406E+07	531.6273	1214	33338	33338	MS
0	4440	60.5885	2	3.9877E+07	7.5298E+06	630.3705	525.5	600	4089	CID-MSn
0	4441	60.6000	2	6.1895E+07	1.0972E+07	630.3709	593.8	739	5033	CID-MSn
0	4442	60.6067	2	684071	93046	939.942	80.79	186	1703	CID-MSn
0	4443	60.6227	2	391277	75911	530.3112	62.07	119	1123	CID-MSn
0	4444	60.6363	2	4.0516E+06	389623	761.4167	160.3	442	3360	CID-MSn
0	4445	60.6483	2	253979	40258	449.2093	73.67	179	1875	CID-MSn
0	4446	60.6703	1	7.9251E+08	4.5928E+07	663.0018	1193	35619	35619	MS
0	4447	60.6778	2	4.131E+07	3.0341E+06	860.4628	315.9	892	5741	CID-MSn
0	4448	60.6900	2	4.3288E+07	3.1137E+06	860.4626	335.6	904	5982	CID-MSn
0	4449	60.7010	2	1.0328E+07	970095	435.2343	266.8	544	3575	CID-MSn
0	4450	60.7117	2	9.7447E+06	905401	946.5345	241.3	540	3743	CID-MSn
0	4451	60.7210	2	1.4041E+06	42972	1302.6793	41.45	642	5044	CID-MSn
0	4452	60.7385	2	2.2983E+07	2.4896E+06	435.2343	437.2	711	4217	CID-MSn
0	4453	60.7470	1	7.584E+08	4.6592E+07	663.0018	1151	34241	34241	MS
0	4454	60.7547	2	5.2928E+06	2.3391E+06	591.36	869	406	3560	CID-MSn
0	4455	60.7693	2	2.0798E+06	117257	1074.5503	56.2	416	3239	CID-MSn
0	4456	60.7807	2	2.0941E+06	95055	1032.5294	52.16	438	3729	CID-MSn
0	4457	60.7918	2	4.9031E+06	2.006E+06	591.3602	1131	462	3685	CID-MSn
0	4458	60.8073	2	1.0286E+06	92671	736.3857	86.83	308	2519	CID-MSn
0	4459	60.8225	2	1.2336E+06	81698	761.4177	63.57	388	3260	CID-MSn
0	4460	60.8370	1	7.2252E+08	4.1582E+07	663.0021	1012	34982	34982	MS
0	4461	60.8482	2	1.9638E+06	115086	743.6974	60.9	362	2893	CID-MSn
0	4462	60.8637	2	203169	32093	1030.9863	56.69	118	1383	CID-MSn
0	4463	60.8867	2	1.5419E+06	214096	795.3932	104.3	307	2955	CID-MSn
0	4464	60.8985	2	2.686E+06	367788	831.4787	166.1	341	2490	CID-MSn
0	4465	60.9108	2	1.7527E+06	194333	730.0576	74.02	263	2488	CID-MSn
0	4466	60.9218	2	1.007E+06	80666	382.2259	92.9	399	3238	CID-MSn
0	4467	60.9402	1	6.0279E+08	2.6052E+07	482.2886	698.4	35083	35083	MS
0	4468	60.9477	2	2.1901E+06	101288	887.4532	60.63	469	3576	CID-MSn
0	4469	60.9653	2	4.6307E+06	309866	1096.5264	159	644	4777	CID-MSn
0	4470	60.9808	2	1.2064E+07	924724	648.3558	233.6	646	4162	CID-MSn
0	4471	60.9905	2	2.2568E+06	474768	417.2245	484.8	252	1519	CID-MSn
0	4472	61.0075	2	4.8505E+06	807818	489.2436	337	534	3856	CID-MSn
0	4473	61.0195	2	1.4036E+06	148836	418.2071	73.71	289	2340	CID-MSn
0	4474	61.0303	1	6.0365E+08	2.7638E+07	482.2884	774.1	36793	36793	MS
0	4475	61.0415	2	3.4239E+06	1.0741E+06	597.328	544	310	2337	CID-MSn
0	4476	61.0558	2	832808	84353	433.6915	62.94	280	2056	CID-MSn
0	4477	61.0690	2	2.6248E+06	532760	519.9853	290.7	432	3292	CID-MSn
0	4478	61.0820	2	4.2631E+06	228332	695.407	79.51	623	4555	CID-MSn
0	4479	61.0935	2	2.4917E+06	320570	543.3231	152.3	371	3033	CID-MSn
0	4480	61.1055	2	2.3386E+06	378340	1232.6409	371.8	423	3182	CID-MSn
0	4481	61.1200	1	5.4813E+08	2.2113E+07	482.2884	696.3	38371	38371	MS
0	4482	61.1302	2	506817	31539	1012.092	25.65	164	1745	CID-MSn
0	4483	61.1502	2	1.9441E+06	678658	890.4667	405.4	284	2476	CID-MSn
0	4484	61.1622	2	1.5786E+06	133985	706.4347	69.64	342	2915	CID-MSn
0	4485	61.1750	2	585325	53926	533.7819	32.92	153	1840	CID-MSn
0	4486	61.1863	2	1.1349E+06	456208	714.3967	382.8	251	2394	CID-MSn
0	4487	61.1995	2	3.0573E+06	131121	1439.7208	67.17	612	5056	CID-MSn
0	4488	61.2087	1	5.1551E+08	1.3588E+07	639.8572	420.9	37431	37431	MS
0	4489	61.2222	2	5.5508E+07	4.1837E+06	887.9551	338.4	939	6209	CID-MSn
0	4490	61.2303	2	5.6431E+07	3.9806E+06	887.4548	363.2	999	6660	CID-MSn
0	4491	61.2408	2	1.3904E+07	689837	947.5377	115.1	721	4967	CID-MSn
0	4492	61.2495	2	933186	224732	688.3844	210.4	197	1821	CID-MSn
0	4493	61.2647	2	1.3392E+06	215444	566.2804	200.5	350	2472	CID-MSn
0	4494	61.2810	2	1.0818E+06	58302	698.688	38.35	333	3415	CID-MSn
0	4495	61.2915	1	5.0816E+08	1.4017E+07	639.8575	447.4	39370	39370	MS
0	4496	61.3017	2	3.621E+06	613844	704.8911	267.6	386	3033	CID-MSn
0	4497	61.3200	2	1.7063E+06	119903	804.9021	44.88	278	2106	CID-MSn
0	4498	61.3310	2	1.376E+06	107626	910.7769	66.94	335	3035	CID-MSn
0	4499	61.3413	2	7.8401E+06	574764	562.8358	143.2	652	4950	CID-MSn
0	4500	61.3502	2	713183	35291	860.462	55.62	484	4715	CID-MSn
0	4501	61.3728	2	723215	34226	1313.6986	48.74	420	3494	CID-MSn
0	4502	61.3925	1	5.709E+08	2.6524E+07	725.0153	761.4	36811	36811	MS
0	4503	61.4027	2	8.5456E+06	724012	1055.0205	242.4	706	5037	CID-MSn
0	4504	61.4178	2	5.9327E+06	377338	748.4454	97.75	497	3601	CID-MSn
0	4505	61.4265	2	1.6272E+06	120556	1033.5302	106.9	500	4495	CID-MSn
0	4506	61.4422	2	6.0526E+06	654852	766.3882	246	670	4703	CID-MSn
0	4507	61.4562	2	7.4498E+07	1.5624E+07	620.3497	947.7	478	3054	CID-MSn
0	4508	61.4645	2	1.8309E+06	127063	864.4965	50.83	337	2718	CID-MSn
0	4509	61.4757	1	8.0879E+08	7.1326E+07	725.0155	1555	36207	36207	MS
0	4510	61.4857	2	1.0428E+06	88284	795.4001	46.78	250	2179	CID-MSn
0	4511	61.5020	2	8.4936E+06	950674	860.4619	269.9	599	4339	CID-MSn
0	4512	61.5117	2	1.0598E+06	65428	735.7529	40.67	258	2074	CID-MSn
0	4513	61.5218	2	1.1123E+06	118656	711.8983	69.21	231	2591	CID-MSn
0	4514	61.5355	2	1.7391E+06	94505	524.2932	59.6	431	3550	CID-MSn
0	4515	61.5487	2	1.0634E+06	165902	620.35	121.9	286	2368	CID-MSn
0	4516	61.5598	1	8.8251E+08	1.0138E+08	725.0145	2277	33102	33102	MS
0	4517	61.5732	2	3.6363E+06	351504	648.3548	125.6	344	2352	CID-MSn
0	4518	61.5867	2	1.6801E+06	109294	471.3271	52.57	367	2981	CID-MSn
0	4519	61.5988	2	1.507E+06	178478	781.1182	90.87	296	2527	CID-MSn
0	4520	61.6115	2	380450	20834	191.6518	16.06	150	1554	CID-MSn
0	4521	61.6252	2	7.3451E+06	1.0352E+06	735.4189	337.5	452	2930	CID-MSn
0	4522	61.6367	2	1.339E+06	152077	804.4001	91.11	262	2321	CID-MSn
0	4523	61.6498	1	1.1797E+09	1.6396E+08	725.014	2731	27996	27996	MS
0	4524	61.6607	2	1.1004E+06	143836	694.8148	69.8	229	2266	CID-MSn
0	4525	61.6755	2	2.333E+06	227565	846.4828	134.6	374	3146	CID-MSn
0	4526	61.6857	2	1.0072E+08	7.5668E+06	1055.0201	372.5	1091	7193	CID-MSn
0	4527	61.6947	2	1.6316E+06	359523	531.3249	221.7	319	2520	CID-MSn
0	4528	61.7080	2	2.5156E+06	128273	1214.761	101.5	679	4867	CID-MSn
0	4529	61.7218	2	1.6714E+06	154994	1149.0795	126.2	386	2902	CID-MSn
0	4530	61.7378	1	1.176E+09	1.6507E+08	725.014	2949	28125	28125	MS
0	4531	61.7502	2	1.855E+06	476526	645.3869	227.8	167	1229	CID-MSn
0	4532	61.7650	2	380381	37291	680.8516	48.29	177	1655	CID-MSn
0	4533	61.7825	2	8.311E+08	2.8074E+07	905.9587	248.9	1807	11272	CID-MSn
0	4534	61.7867	2	35004	2200.3	1086.5131	4.977	44	559	CID-MSn
0	4535	61.8093	2	2.1427E+07	1.8763E+06	766.3893	329.3	915	5775	CID-MSn
0	4536	61.8177	2	4.2804E+06	416403	1104.5313	223.4	776	6051	CID-MSn
0	4537	61.8298	1	1.0748E+09	1.5866E+08	725.0141	3085	27299	27299	MS
0	4538	61.8398	2	776962	48341	1837.915	50.1	421	3287	CID-MSn
0	4539	61.8662	2	4.4252E+06	777255	608.3085	428.1	562	3941	CID-MSn
0	4540	61.8782	2	1.9955E+06	611668	888.4713	495.3	427	3326	CID-MSn
0	4541	61.8948	2	857177	44821	537.4983	53.9	434	3545	CID-MSn
0	4542	61.9135	2	2.1003E+06	287734	860.4611	137.1	297	2559	CID-MSn
0	4543	61.9255	2	576942	54170	534.7886	62.17	278	2361	CID-MSn
0	4544	61.9430	1	1.0583E+09	1.6129E+08	725.0136	2842	25805	25805	MS
0	4545	61.9542	2	9.4422E+06	2.019E+06	620.3502	899.5	398	2780	CID-MSn
0	4546	61.9690	2	1.8954E+07	1.2346E+06	820.9656	278.3	1095	7226	CID-MSn
0	4547	61.9797	2	91135	8086	866.4509	16.62	93	929	CID-MSn
0	4548	62.0025	2	2.23E+06	395796	569.3636	296.7	386	3042	CID-MSn
0	4549	62.0175	2	1.7566E+06	257673	911.459	182.5	393	3684	CID-MSn
0	4550	62.0282	2	600635	165732	1065.5088	294.8	208	1859	CID-MSn
0	4551	62.0505	1	7.7338E+08	1.098E+08	725.0141	2633	30592	30592	MS
0	4552	62.0637	2	3.1117E+06	153485	402.6843	50.28	427	3215	CID-MSn
0	4553	62.0780	2	1.4312E+06	88769	511.3332	55.86	391	3208	CID-MSn
0	4554	62.0910	2	2.5138E+06	372111	821.464	268.1	561	5046	CID-MSn
0	4555	62.1063	2	1.5839E+07	914442	610.2568	196	892	5926	CID-MSn
0	4556	62.1167	2	3.8703E+06	1.2003E+06	546.2442	958.8	313	1930	CID-MSn
0	4557	62.1325	2	951794	69551	1104.1965	45.76	329	3215	CID-MSn
0	4558	62.1430	1	6.3768E+08	8.1654E+07	725.0141	2259	34366	34366	MS
0	4559	62.1530	2	4.6114E+06	502825	760.4261	189.4	638	5001	CID-MSn
0	4560	62.1703	2	4.626E+06	338450	773.3962	121.2	474	4116	CID-MSn
0	4561	62.1803	2	135214	9202.2	1114.8848	14.78	114	1290	CID-MSn
0	4562	62.2012	2	1.3832E+06	349935	594.3339	241.4	349	3079	CID-MSn
0	4563	62.2150	2	221699	20604	191.6578	15.32	70	1090	CID-MSn
0	4564	62.2272	2	331634	17165	969.5466	28.37	282	1907	CID-MSn
0	4565	62.2477	1	5.3837E+08	5.1913E+07	725.0146	1575	36834	36834	MS
0	4566	62.2597	2	2.847E+08	1.1637E+07	676.325	146	1068	6646	CID-MSn
0	4567	62.2685	2	2.7345E+08	1.0782E+07	676.3251	145.6	1058	6730	CID-MSn
0	4568	62.2768	2	1.4251E+06	95757	1015.4893	58.48	350	3292	CID-MSn
0	4569	62.2870	2	372822	34292	821.4634	50.46	187	1851	CID-MSn
0	4570	62.3065	2	1.8392E+06	126114	440.2785	36.61	245	2219	CID-MSn
0	4571	62.3188	2	2.4175E+06	768940	655.3005	927.9	361	2567	CID-MSn
0	4572	62.3375	1	5.3083E+08	3.6603E+07	725.0148	1060	39363	39363	MS
0	4573	62.3485	2	314314	23939	615.871	15.85	95	1235	CID-MSn
0	4574	62.3642	2	1.6893E+06	113498	860.4619	42.1	296	2578	CID-MSn
0	4575	62.3742	2	2.0838E+06	103506	787.9421	43.79	395	3346	CID-MSn
0	4576	62.3860	2	911668	129556	1056.0701	119.3	291	2628	CID-MSn
0	4577	62.4013	2	7.2111E+06	862485	860.4614	157.6	407	3482	CID-MSn
0	4578	62.4097	2	178114	12445	1352.6165	14.4	111	1235	CID-MSn
0	4579	62.4237	1	4.4726E+08	1.7395E+07	725.0153	573.2	39146	39146	MS
0	4580	62.4370	2	5.9154E+06	454837	863.949	105.1	543	3893	CID-MSn
0	4581	62.4503	2	2.7066E+06	253388	1055.0205	268	678	4875	CID-MSn
0	4582	62.4700	2	988758	112000	860.4617	51.98	194	1906	CID-MSn
0	4583	62.4782	2	1.038E+07	545825	755.3467	102.6	662	4400	CID-MSn
0	4584	62.4888	2	1.6652E+06	37592	910.9415	22.98	540	4382	CID-MSn
0	4585	62.4998	2	2.9636E+06	284967	1069.0173	294.1	758	5227	CID-MSn
0	4586	62.5187	1	3.9412E+08	1.2325E+07	734.3469	434.7	38527	38527	MS
0	4587	62.5320	2	1.0227E+07	1.8252E+06	534.6551	795.7	582	4232	CID-MSn
0	4588	62.5472	2	3.7213E+06	336645	911.4322	97.62	331	2425	CID-MSn
0	4589	62.5577	2	483638	37452	506.2704	33.84	200	1991	CID-MSn
0	4590	62.5725	2	2.5187E+06	117499	907.0573	46.51	432	3475	CID-MSn
0	4591	62.5828	2	2.8524E+06	124419	743.3311	65.99	659	4919	CID-MSn
0	4592	62.5928	2	2.3479E+06	726822	1274.6759	441.1	329	2683	CID-MSn
0	4593	62.6047	1	4.3713E+08	1.3813E+07	734.347	468.2	39536	39536	MS
0	4594	62.6180	2	2.761E+06	780208	704.0476	231.2	240	2406	CID-MSn
0	4595	62.6313	2	9.046E+06	489905	740.8402	146.1	857	5864	CID-MSn
0	4596	62.6393	2	1.1232E+07	323697	961.1592	87.14	1239	8717	CID-MSn
0	4597	62.6488	2	1.4252E+06	177227	911.4313	72.76	166	1623	CID-MSn
0	4598	62.6585	2	995556	159375	866.4438	106.2	164	1416	CID-MSn
0	4599	62.6738	2	2.6526E+06	239902	575.3497	160.6	544	4113	CID-MSn
0	4600	62.6878	1	5.4302E+08	1.2676E+07	734.3465	359.9	37716	37716	MS
0	4601	62.6953	2	4.3204E+06	192720	1480.6735	51.66	498	4207	CID-MSn
0	4602	62.7115	2	2.2175E+06	227314	860.4617	69.48	282	2724	CID-MSn
0	4603	62.7220	2	1.0119E+07	546914	628.3647	109.8	659	4556	CID-MSn
0	4604	62.7317	2	3.2033E+06	502704	959.519	194.6	404	3089	CID-MSn
0	4605	62.7433	2	3.8583E+06	297689	840.4368	93.89	507	3808	CID-MSn
0	4606	62.7543	2	5.4687E+06	303272	688.8831	107.4	663	5106	CID-MSn
0	4607	62.7622	1	5.2088E+08	2.2779E+07	918.462	763	40343	40343	MS
0	4608	62.7747	2	2.8324E+06	370807	853.4432	148.5	384	3172	CID-MSn
0	4609	62.7900	2	1.6864E+06	184008	916.9968	127	395	2744	CID-MSn
0	4610	62.8020	2	456642	20852	800.3727	18.85	198	2271	CID-MSn
0	4611	62.8157	2	1.2894E+06	114661	975.0171	122.8	513	4422	CID-MSn
0	4612	62.8373	2	185343	30271	488.7895	56.71	137	1279	CID-MSn
0	4613	62.8585	2	4.4495E+06	506295	936.4637	200.2	526	4120	CID-MSn
0	4614	62.8670	1	6.1568E+08	4.3674E+07	918.4623	1265	36121	36121	MS
0	4615	62.8805	2	5.7844E+06	1.1391E+06	839.9352	300.9	315	2731	CID-MSn
0	4616	62.8937	2	197454	13178	591.3593	12.93	90	1145	CID-MSn
0	4617	62.9082	2	2.4953E+07	1.4776E+06	670.6503	171.9	837	5555	CID-MSn
0	4618	62.9160	2	3.3698E+06	203163	860.4615	128.6	634	4407	CID-MSn
0	4619	62.9288	2	4.7493E+06	1.0107E+06	1345.6879	777.1	539	4026	CID-MSn
0	4620	62.9437	2	146561	9414.9	929.4841	10.08	72	1068	CID-MSn
0	4621	62.9577	1	7.1301E+08	5.806E+07	918.4624	1558	37279	37279	MS
0	4622	62.9712	2	1.7087E+07	2.6204E+06	555.834	749.1	524	3353	CID-MSn
0	4623	62.9840	2	3.0269E+06	473041	713.9047	363.2	253	2115	CID-MSn
0	4624	62.9978	2	2.9154E+06	204022	1068.5718	116.9	490	3841	CID-MSn
0	4625	63.0130	2	2.6844E+07	4.4041E+06	555.834	854.3	554	3316	CID-MSn
0	4626	63.0217	2	514023	86077	714.3819	81.16	174	1643	CID-MSn
0	4627	63.0370	2	3.3915E+06	160919	604.3412	62.58	527	4088	CID-MSn
0	4628	63.0483	1	8.4286E+08	6.5794E+07	918.462	1498	33706	33706	MS
0	4629	63.0582	2	3.0454E+06	222681	672.4133	63.96	361	2923	CID-MSn
0	4630	63.0698	2	8.665E+06	663225	916.4583	103.2	463	3240	CID-MSn
0	4631	63.0798	2	408126	69680	971.5616	60.23	111	1316	CID-MSn
0	4632	63.0913	2	2.0164E+08	1.0946E+07	740.8401	204	1017	6863	CID-MSn
0	4633	63.0998	2	1.6893E+06	158467	909.9708	53.34	274	2562	CID-MSn
0	4634	63.1093	2	710240	45539	640.7014	22.66	161	1621	CID-MSn
0	4635	63.1197	1	1.0157E+09	6.295E+07	918.4618	1247	32267	32267	MS
0	4636	63.1307	2	2.8692E+06	273602	674.8479	89.6	357	2676	CID-MSn
0	4637	63.1448	2	3.7819E+06	320139	659.8516	67.62	318	2602	CID-MSn
0	4638	63.1532	2	1.3154E+06	121989	815.782	63.87	313	3456	CID-MSn
0	4639	63.1627	2	1.363E+06	137869	785.3736	59.1	228	2016	CID-MSn
0	4640	63.1752	2	8.3761E+06	483737	676.3798	131	662	4366	CID-MSn
0	4641	63.1860	2	5.9041E+06	1.8971E+06	741.8745	699.8	489	3366	CID-MSn
0	4642	63.1942	1	1.1417E+09	7.9503E+07	719.6832	1579	32521	32521	MS
0	4643	63.2063	2	4.1949E+08	2.2801E+07	905.9567	307.4	1277	8355	CID-MSn
0	4644	63.2183	2	345762	22266	721.4222	22.77	175	1520	CID-MSn
0	4645	63.2338	2	3.2836E+06	379121	1228.6663	200.4	604	4713	CID-MSn
0	4646	63.2445	2	5.2962E+07	3.2949E+06	1068.5729	227.3	943	6213	CID-MSn
0	4647	63.2513	2	172694	5866.2	316.8952	6.415	94	1316	CID-MSn
0	4648	63.2690	2	2.4708E+06	471585	668.8773	344.8	374	2670	CID-MSn
0	4649	63.2828	1	1.3268E+09	1.2426E+08	719.682	1909	28725	28725	MS
0	4650	63.2938	2	2.4529E+06	944983	529.8468	1199	231	1692	CID-MSn
0	4651	63.3147	2	4.7376E+06	327164	657.9091	154	508	3248	CID-MSn
0	4652	63.3275	2	5.4589E+06	841526	669.3848	325.2	368	2740	CID-MSn
0	4653	63.3378	2	2.5472E+06	928457	781.4133	457.2	294	2393	CID-MSn
0	4654	63.3498	2	4.6252E+06	565662	1182.1388	285.2	501	3518	CID-MSn
0	4655	63.3632	2	579317	110425	855.4343	53.04	111	1105	CID-MSn
0	4656	63.3743	1	1.3007E+09	1.3178E+08	719.682	2226	30315	30315	MS
0	4657	63.3820	2	1.2518E+06	33861	817.3932	23.9	457	3629	CID-MSn
0	4658	63.3997	2	1.141E+06	156849	1182.1376	97.46	267	2198	CID-MSn
0	4659	63.4118	2	883184	85404	962.5074	70.31	283	2661	CID-MSn
0	4660	63.4257	2	3.9492E+06	749958	741.8746	323.3	509	3866	CID-MSn
0	4661	63.4368	2	1.4581E+06	48778	1177.5586	63.9	802	5875	CID-MSn
0	4662	63.4628	2	310394	24839	584.8253	27.96	151	1456	CID-MSn
0	4663	63.4787	1	1.2961E+09	1.3639E+08	719.6817	2116	28828	28828	MS
0	4664	63.4883	2	3.2082E+06	149886	191.6612	13.37	145	1515	CID-MSn
0	4665	63.5012	2	5.3228E+07	7.0292E+06	652.0073	673.1	724	4881	CID-MSn
0	4666	63.5098	2	2.1148E+07	1.4428E+06	526.7889	198.2	1032	7432	CID-MSn
0	4667	63.5180	2	2.2567E+07	2.1251E+06	860.4619	253.5	733	5171	CID-MSn
0	4668	63.5258	2	7.2475E+06	642813	191.6606	15.53	72	1040	CID-MSn
0	4669	63.5325	2	6.4203E+06	377300	933.5389	120.5	617	4940	CID-MSn
0	4670	63.5398	1	1.2403E+09	1.0949E+08	719.682	1860	29904	29904	MS
0	4671	63.5497	2	7.6639E+06	462381	809.4139	110.9	626	4305	CID-MSn
0	4672	63.5670	2	1.1437E+07	1.4746E+06	650.8251	389.8	650	4745	CID-MSn
0	4673	63.5775	2	4.0613E+06	199271	920.9655	27.86	272	2413	CID-MSn
0	4674	63.5863	2	7.4224E+06	1.6472E+06	747.3892	475.3	531	3559	CID-MSn
0	4675	63.5972	2	255040	10548	1362.6761	10.77	137	1504	CID-MSn
0	4676	63.6137	2	1.5943E+06	322500	646.8826	169.7	263	1755	CID-MSn
0	4677	63.6258	1	1.4408E+09	8.5911E+07	714.7003	1274	28805	28805	MS
0	4678	63.6333	2	1.102E+07	449903	809.415	121.1	915	6397	CID-MSn
0	4679	63.6510	2	1.2095E+06	216918	682.4341	112.8	185	1661	CID-MSn
0	4680	63.6630	2	476794	52550	555.3232	47.04	189	2040	CID-MSn
0	4681	63.6755	2	270655	16131	1013.8524	12.3	94	1317	CID-MSn
0	4682	63.6907	2	2.2066E+07	1.1646E+06	768.8859	192.6	820	5443	CID-MSn
0	4683	63.7002	2	1.5914E+07	676655	809.4153	158.6	1102	7447	CID-MSn
0	4684	63.7072	1	1.6819E+09	1.5725E+08	714.7001	2251	28305	28305	MS
0	4685	63.7198	2	1.3081E+07	2.6585E+06	396.7006	975.9	485	2952	CID-MSn
0	4686	63.7353	2	6.4131E+06	1.5003E+06	711.3715	403.8	341	2437	CID-MSn
0	4687	63.7423	2	8.2921E+06	527119	809.415	198.8	735	5172	CID-MSn
0	4688	63.7532	2	2.7342E+06	193433	1301.7347	72.71	358	2699	CID-MSn
0	4689	63.7633	2	3.0641E+06	245117	711.3712	163.9	510	3807	CID-MSn
0	4690	63.7790	2	8.1441E+06	787144	614.312	213	627	4246	CID-MSn
0	4691	63.7895	1	2.2659E+09	2.538E+08	714.6995	2611	23093	23093	MS
0	4692	63.7973	2	1.3044E+07	1.4182E+06	711.3714	288.8	558	3737	CID-MSn
0	4693	63.8102	2	3.0008E+07	2.0387E+06	809.415	234.8	726	4920	CID-MSn
0	4694	63.8177	2	1.2107E+07	1.1297E+06	711.3726	282.7	617	4017	CID-MSn
0	4695	63.8267	2	1.6788E+08	9.3331E+06	809.4149	207.5	855	5717	CID-MSn
0	4696	63.8365	2	2.7676E+06	423799	614.3116	283.1	277	2061	CID-MSn
0	4697	63.8497	2	4.7605E+06	697943	768.8854	292.7	512	3741	CID-MSn
0	4698	63.8602	1	2.2688E+09	2.9516E+08	714.6992	3163	22547	22547	MS
0	4699	63.8705	2	9.7429E+08	6.5538E+07	920.97	686.4	1654	10503	CID-MSn
0	4700	63.8808	2	597211	176703	1071.5477	256.2	74	663	CID-MSn
0	4701	63.8972	2	28819	2210.7	1562.3098	5.034	31	479	CID-MSn
0	4702	63.9232	2	232893	15059	681.375	16.38	116	1301	CID-MSn
0	4703	63.9380	2	1.8314E+06	622439	920.4641	373.5	277	2146	CID-MSn
0	4704	63.9513	2	340292	47494	742.9089	54.85	154	1485	CID-MSn
0	4705	63.9678	1	2.3289E+09	3.2734E+08	714.699	3513	20067	20067	MS
0	4706	63.9790	2	3.8703E+07	2.3512E+06	768.8858	211.2	760	5065	CID-MSn
0	4707	63.9907	2	3.5918E+06	378280	427.7412	187.4	528	3698	CID-MSn
0	4708	64.0035	2	51554	8751.6	1071.0436	14.68	40	563	CID-MSn
0	4709	64.0203	2	63123	4608.2	316.9139	7.299	53	686	CID-MSn
0	4710	64.0382	2	669510	42832	614.332	17.55	150	1384	CID-MSn
0	4711	64.0475	2	3.2324E+06	665939	618.3472	443.2	341	2346	CID-MSn
0	4712	64.0598	1	2.07E+09	2.8889E+08	714.6985	3498	19134	19134	MS
0	4713	64.0700	2	3.341E+07	2.4016E+06	809.415	228.9	777	5126	CID-MSn
0	4714	64.0852	2	1.0145E+06	330970	826.4805	267.4	176	1456	CID-MSn
0	4715	64.0997	2	4.5388E+06	643799	427.741	356	562	3845	CID-MSn
0	4716	64.1130	2	1.3814E+07	662747	734.4305	222.9	1106	7373	CID-MSn
0	4717	64.1217	2	532588	26764	809.4141	42.33	348	2825	CID-MSn
0	4718	64.1442	2	1.4404E+06	187347	613.329	161.4	398	3138	CID-MSn
0	4719	64.1595	1	2.1639E+09	3.0955E+08	714.699	3635	19807	19807	MS
0	4720	64.1697	2	756192	70512	728.3564	69.72	319	2531	CID-MSn
0	4721	64.1938	2	1.0178E+07	1.3175E+06	739.4243	365.7	621	4046	CID-MSn
0	4722	64.2047	2	1.9034E+06	161052	609.8049	97.36	497	4386	CID-MSn
0	4723	64.2177	2	678026	62724	1006.5711	104	404	2940	CID-MSn
0	4724	64.2380	2	486716	106384	613.3292	48.09	86	1039	CID-MSn
0	4725	64.2473	2	680038	31111	1089.053	42.4	415	3790	CID-MSn
0	4726	64.2667	1	1.8917E+09	2.723E+08	714.6993	3826	21839	21839	MS
0	4727	64.2803	2	1.1648E+07	1.6318E+06	732.4249	475.1	623	4396	CID-MSn
0	4728	64.2943	2	4.0021E+06	1.6031E+06	981.5356	660.1	294	2379	CID-MSn
0	4729	64.3060	2	1.5879E+06	315902	888.5281	220.8	309	2292	CID-MSn
0	4730	64.3168	2	586540	100433	988.8368	153.8	219	2298	CID-MSn
0	4731	64.3370	2	4.3176E+06	485135	909.4894	256.6	573	3908	CID-MSn
0	4732	64.3527	2	4.9218E+06	1.9069E+06	666.3381	1201	239	1607	CID-MSn
0	4733	64.3665	1	2.0455E+09	2.7788E+08	714.6988	3389	20859	20859	MS
0	4734	64.3740	2	884284	92217	676.3223	89.41	251	1816	CID-MSn
0	4735	64.3975	2	495356	33595	191.6546	14.55	102	1234	CID-MSn
0	4736	64.4073	2	2.8864E+06	134704	1405.7043	84.44	663	4564	CID-MSn
0	4737	64.4198	2	1.0789E+06	98423	1174.6061	108.5	446	3270	CID-MSn
0	4738	64.4427	2	2.7104E+06	215146	760.7072	80.05	348	2468	CID-MSn
0	4739	64.4540	2	2.1358E+06	169821	1174.6073	141.3	603	4288	CID-MSn
0	4740	64.4675	1	1.8626E+09	2.3681E+08	714.6993	3349	22212	22212	MS
0	4741	64.4775	2	8.1236E+06	602642	920.4656	208.4	809	5598	CID-MSn
0	4742	64.4960	2	4.4804E+06	935526	736.9203	418.9	334	2619	CID-MSn
0	4743	64.5075	2	2.1096E+06	91405	1054.4833	54.29	512	4002	CID-MSn
0	4744	64.5185	2	1.3427E+06	303949	1104.6144	185.1	219	1995	CID-MSn
0	4745	64.5303	2	2.8668E+06	186061	805.4916	85.97	548	4528	CID-MSn
0	4746	64.5448	2	3.5442E+06	488131	540.7958	206.1	375	2462	CID-MSn
0	4747	64.5570	1	1.9823E+09	2.4502E+08	714.6992	2980	22235	22235	MS
0	4748	64.5663	2	8.219E+08	5.9884E+07	920.4686	579.5	1337	8958	CID-MSn
0	4749	64.5788	2	5.6722E+08	6.5058E+07	652.0078	857.1	992	6480	CID-MSn
0	4750	64.5865	2	1.0512E+08	6.4962E+06	809.4147	186.6	809	5514	CID-MSn
0	4751	64.5932	2	7.1682E+08	4.9998E+07	920.468	546.2	1346	8915	CID-MSn
0	4752	64.5997	2	1.0552E+08	6.2307E+06	809.415	214.6	890	6185	CID-MSn
0	4753	64.6077	2	5.4662E+08	6.149E+07	652.0078	809.6	931	6011	CID-MSn
0	4754	64.6152	1	2.017E+09	2.1794E+08	714.699	2673	22665	22665	MS
0	4755	64.6262	2	1.179E+08	1.5767E+07	614.312	563.3	511	3160	CID-MSn
0	4756	64.6372	2	952824	192739	900.9589	102.4	132	1167	CID-MSn
0	4757	64.6485	2	1.5516E+06	139905	702.3655	28.65	140	1310	CID-MSn
0	4758	64.6565	2	6.2731E+06	598481	1118.0583	190.6	593	4237	CID-MSn
0	4759	64.6672	2	3.9625E+06	438863	860.4611	165.2	402	2762	CID-MSn
0	4760	64.6777	2	1.4261E+07	1.1231E+06	1118.0582	289.6	892	6223	CID-MSn
0	4761	64.6850	1	1.8308E+09	1.7544E+08	714.6996	2625	23908	23908	MS
0	4762	64.6975	2	2.1175E+07	1.163E+06	768.8856	172.7	732	4999	CID-MSn
0	4763	64.7108	2	1.6559E+06	226618	1056.0497	131.6	244	1920	CID-MSn
0	4764	64.7233	2	3.5619E+07	1.9064E+06	768.8863	204.6	836	5605	CID-MSn
0	4765	64.7322	2	1.0656E+06	133549	968.5103	110.4	345	3182	CID-MSn
0	4766	64.7452	2	53465	5768.7	316.9032	7.578	22	546	CID-MSn
0	4767	64.7645	2	431341	25588	419.2435	18.31	151	1605	CID-MSn
0	4768	64.7775	1	2.2225E+09	1.6833E+08	714.7	2044	23117	23117	MS
0	4769	64.7850	2	4.7052E+06	2.3998E+06	816.9526	963	128	1437	CID-MSn
0	4770	64.7990	2	5.3488E+06	1.2197E+06	711.3715	413.2	366	2883	CID-MSn
0	4771	64.8085	2	3.7013E+06	172462	1144.5984	84.74	649	4934	CID-MSn
0	4772	64.8200	2	1.3075E+07	5.1772E+06	817.4529	1436	158	1375	CID-MSn
0	4773	64.8285	2	8.4405E+06	497010	809.4156	193.7	811	5812	CID-MSn
0	4774	64.8392	2	1.7468E+06	112066	711.3712	80.87	464	3765	CID-MSn
0	4775	64.8525	1	2.1721E+09	1.671E+08	757.7144	2178	24095	24095	MS
0	4776	64.8627	2	7.0012E+06	871555	711.3712	183.2	324	2261	CID-MSn
0	4777	64.8753	2	1.4345E+07	2.8197E+06	900.9598	619.8	398	2991	CID-MSn
0	4778	64.8838	2	135923	12855	1085.6313	24.96	136	1508	CID-MSn
0	4779	64.9087	2	5.0357E+06	1.3585E+06	888.5287	448.6	494	3423	CID-MSn
0	4780	64.9192	2	55656	5905.6	316.9072	6.808	28	504	CID-MSn
0	4781	64.9318	2	4.6453E+06	1.0698E+06	888.5291	368.1	473	3493	CID-MSn
0	4782	64.9412	1	2.3611E+09	2.2656E+08	757.714	2650	22459	22459	MS
0	4783	64.9548	2	6.6158E+08	8.6405E+07	614.3128	930.9	791	4865	CID-MSn
0	4784	64.9653	2	7.2476E+06	1.502E+06	920.4657	512.7	465	3251	CID-MSn
0	4785	64.9758	2	1.894E+06	257665	968.5104	123.2	311	2571	CID-MSn
0	4786	64.9847	2	2.1476E+06	212186	1052.5729	162.9	682	5046	CID-MSn
0	4787	65.0030	2	5.1838E+06	552770	888.5291	203.9	549	4096	CID-MSn
0	4788	65.0140	2	9.5501E+08	6.6721E+07	920.4689	561.7	1521	9333	CID-MSn
0	4789	65.0180	1	2.1713E+09	2.3844E+08	757.7138	3151	22706	22706	MS
0	4790	65.0315	2	4.6823E+07	2.8654E+06	768.8859	236.6	802	5201	CID-MSn
0	4791	65.0430	2	431281	48456	613.3289	31.48	132	1402	CID-MSn
0	4792	65.0528	2	44466	9542.7	1135.5676	19.85	40	569	CID-MSn
0	4793	65.0753	2	5.322E+06	489726	860.4622	263.4	601	4035	CID-MSn
0	4794	65.0907	2	2.3643E+07	2.42E+06	474.5828	246.7	561	3691	CID-MSn
0	4795	65.0982	2	4.8474E+07	2.9169E+06	768.8861	255.4	859	5509	CID-MSn
0	4796	65.1065	1	2.5068E+09	2.825E+08	757.7135	3048	21409	21409	MS
0	4797	65.1142	2	2.202E+07	1.5131E+06	809.4147	211.8	752	4802	CID-MSn
0	4798	65.1265	2	2.8286E+07	1.8973E+06	809.4152	260.7	846	5542	CID-MSn
0	4799	65.1342	2	5.0717E+06	321640	1210.6134	160.8	768	5260	CID-MSn
0	4800	65.1510	2	4.2074E+06	762908	631.3544	554.9	482	3155	CID-MSn
0	4801	65.1662	2	9.1495E+07	4.3318E+06	1089.5553	189.9	1180	7439	CID-MSn
0	4802	65.1708	2	2.7797E+06	179359	809.4142	151.9	596	4043	CID-MSn
0	4803	65.1870	1	2.3668E+09	2.7038E+08	757.7135	3177	21028	21028	MS
0	4804	65.1970	2	1.0262E+08	5.132E+06	1089.5549	216.6	1208	7840	CID-MSn
0	4805	65.2082	2	1.1933E+08	5.7448E+06	1089.5559	243.6	1360	8827	CID-MSn
0	4806	65.2147	2	77750	6153.2	1209.615	6.123	32	571	CID-MSn
0	4807	65.2285	2	105707	8835.7	316.8959	7.602	34	754	CID-MSn
0	4808	65.2408	2	155530	28364	1265.6497	53.65	107	975	CID-MSn
0	4809	65.2635	2	4.0064E+06	345714	1069.0168	244.4	729	4996	CID-MSn
0	4810	65.2783	1	2.203E+09	2.4585E+08	757.7138	3334	22067	22067	MS
0	4811	65.2887	2	667892	142045	613.3286	56.71	108	1270	CID-MSn
0	4812	65.3023	2	111846	11873	316.9194	7.871	25	599	CID-MSn
0	4813	65.3130	2	1.1253E+06	189005	888.5283	217.8	402	2964	CID-MSn
0	4814	65.3342	2	322999	38388	191.653	18.24	56	961	CID-MSn
0	4815	65.3448	2	283101	47462	1345.6392	78.95	163	1329	CID-MSn
0	4816	65.3655	2	820313	78687	754.8361	92.56	377	3137	CID-MSn
0	4817	65.3833	1	2.0652E+09	2.1466E+08	757.7142	3045	22435	22435	MS
0	4818	65.3938	2	90149	6613.3	1018.5916	12.18	87	993	CID-MSn
0	4819	65.4215	2	235813	18781	191.6525	15.64	91	1172	CID-MSn
0	4820	65.4342	2	626681	61039	1450.6862	90.39	354	2699	CID-MSn
0	4821	65.4548	2	201808	9331	1003.4442	16.68	183	1817	CID-MSn
0	4822	65.4808	2	3.5871E+06	593584	768.8849	314.9	539	4206	CID-MSn
0	4823	65.4940	2	1.9564E+06	116869	405.2103	138.9	629	4179	CID-MSn
0	4824	65.5128	1	1.8436E+09	1.7227E+08	757.7138	2626	23270	23270	MS
0	4825	65.5208	2	5.7335E+08	4.2453E+07	920.4674	439.6	1237	7753	CID-MSn
0	4826	65.5313	2	6.856E+08	4.9526E+07	920.9675	451.7	1239	7972	CID-MSn
0	4827	65.5408	2	351828	44315	191.6544	17.04	58	824	CID-MSn
0	4828	65.5512	2	1.0131E+07	1.1153E+06	1020.0079	409.6	792	5447	CID-MSn
0	4829	65.5603	2	6.1857E+06	312112	1154.5852	140.1	957	6299	CID-MSn
0	4830	65.5723	2	1.5962E+07	1.5724E+06	1020.0087	455.7	938	6316	CID-MSn
0	4831	65.5818	1	1.5308E+09	1.4725E+08	757.7146	2795	24095	24095	MS
0	4832	65.5943	2	3.6546E+07	2.5828E+06	920.9662	223	700	5130	CID-MSn
0	4833	65.6072	2	1.1673E+07	1.8616E+06	652.0072	494.7	473	3273	CID-MSn
0	4834	65.6175	2	3.8602E+07	2.7176E+06	920.9662	258.4	811	5767	CID-MSn
0	4835	65.6250	2	2.8921E+06	130247	809.4142	105.1	832	6019	CID-MSn
0	4836	65.6418	2	3.3088E+06	657321	879.9556	488.4	422	3267	CID-MSn
0	4837	65.6560	2	93265	7488.8	316.9159	7.157	34	680	CID-MSn
0	4838	65.6670	1	1.445E+09	1.2777E+08	757.7148	2497	25678	25678	MS
0	4839	65.6772	2	3.8793E+07	3.2156E+06	1118.0582	278	808	5465	CID-MSn
0	4840	65.6890	2	3.9092E+07	3.2573E+06	1118.0591	300.7	823	5484	CID-MSn
0	4841	65.6962	2	4.7492E+06	562354	1707.854	383.7	914	6868	CID-MSn
0	4842	65.7133	2	3.8454E+06	605719	920.4634	107.8	212	1875	CID-MSn
0	4843	65.7225	2	3.3606E+06	551330	830.4453	247.5	370	2566	CID-MSn
0	4844	65.7348	2	849191	116580	1115.5562	99.8	293	2312	CID-MSn
0	4845	65.7483	1	1.1987E+09	9.4835E+07	757.7148	2230	26609	26609	MS
0	4846	65.7587	2	4.8875E+06	610251	968.5109	179.6	407	3412	CID-MSn
0	4847	65.7723	2	1.4078E+07	1.4849E+06	968.5121	355.3	787	5571	CID-MSn
0	4848	65.7847	2	1.5335E+06	95194	768.8847	74.99	386	2980	CID-MSn
0	4849	65.7992	2	1.1196E+06	125857	935.4968	141.4	284	2001	CID-MSn
0	4850	65.8165	2	6.7251E+06	608469	989.5225	224.3	789	5471	CID-MSn
0	4851	65.8257	2	261979	82265	655.8808	143.1	151	1271	CID-MSn
0	4852	65.8472	1	1.0489E+09	6.8723E+07	757.7153	1835	28041	28041	MS
0	4853	65.8577	2	487461	30895	890.9397	35.97	229	2287	CID-MSn
0	4854	65.8790	2	76400	6454.7	316.9131	7.665	33	650	CID-MSn
0	4855	65.8962	2	1.0522E+06	318979	555.8065	267.4	289	2739	CID-MSn
0	4856	65.9107	2	250949	54189	711.3705	78.67	131	1333	CID-MSn
0	4857	65.9272	2	95680	5725.1	1052.5721	11.45	112	1015	CID-MSn
0	4858	65.9498	2	2.0098E+06	76988	889.1024	63.65	721	5134	CID-MSn
0	4859	65.9653	1	9.7132E+08	7.5629E+07	865.7621	2143	29091	29091	MS
0	4860	65.9788	2	2.2333E+08	3.1334E+07	614.3117	687	583	3509	CID-MSn
0	4861	65.9898	2	9.2344E+06	1.1996E+06	739.3604	308.1	417	2815	CID-MSn
0	4862	66.0003	2	2.7499E+08	3.6863E+07	613.9788	601.6	531	3178	CID-MSn
0	4863	66.0082	2	7.3596E+06	789114	969.0125	185.9	540	3727	CID-MSn
0	4864	66.0150	2	1.7504E+07	1.4281E+06	925.9954	242.1	616	4190	CID-MSn
0	4865	66.0232	2	1.0254E+06	107692	570.2988	69.82	300	2501	CID-MSn
0	4866	66.0352	1	9.2799E+08	8.329E+07	865.7619	2519	29799	29799	MS
0	4867	66.0453	2	627551	65812	880.4574	82.52	315	3216	CID-MSn
0	4868	66.0713	2	2.6076E+06	160737	714.3665	120	710	4874	CID-MSn
0	4869	66.0863	2	8.8183E+06	332526	769.387	118.8	959	6402	CID-MSn
0	4870	66.0982	2	424457	29599	854.3846	30.37	214	2117	CID-MSn
0	4871	66.1153	2	1.837E+06	206152	498.2854	230.2	466	3070	CID-MSn
0	4872	66.1350	2	2.1908E+06	100923	791.6835	67.49	568	4658	CID-MSn
0	4873	66.1495	1	9.378E+08	9.1544E+07	865.7619	2467	29388	29388	MS
0	4874	66.1595	2	5.4626E+06	2.027E+06	507.2913	1959	336	2213	CID-MSn
0	4875	66.1797	2	1.2107E+06	111920	614.3117	122.5	476	3691	CID-MSn
0	4876	66.1983	2	3.0548E+06	151663	1089.5542	109.8	640	4489	CID-MSn
0	4877	66.2112	2	2.8876E+06	298985	911.9604	194.9	488	3728	CID-MSn
0	4878	66.2265	2	3.6572E+06	342943	911.4595	179.9	449	3132	CID-MSn
0	4879	66.2387	2	585616	53883	711.371	81.29	271	2353	CID-MSn
0	4880	66.2580	1	7.6764E+08	7.4663E+07	865.7617	2512	31953	31953	MS
0	4881	66.2682	2	2.6401E+06	111090	1089.0533	73.49	732	5772	CID-MSn
0	4882	66.2890	2	1.2326E+06	84108	765.4028	65.97	385	3049	CID-MSn
0	4883	66.3042	2	28964	2410.9	1562.493	5.453	32	527	CID-MSn
0	4884	66.3283	2	2.1194E+06	310972	786.6929	250	478	4245	CID-MSn
0	4885	66.3443	2	81119	5841.6	969.5074	10.61	70	933	CID-MSn
0	4886	66.3628	2	4.9861E+06	143804	1089.554	69.76	1016	7218	CID-MSn
0	4887	66.3752	1	6.8648E+08	5.8971E+07	865.7616	2121	33865	33865	MS
0	4888	66.3855	2	3.8112E+06	255724	722.3588	115.9	630	4431	CID-MSn
0	4889	66.4017	2	1.9142E+06	110964	1464.6764	80.1	576	4355	CID-MSn
0	4890	66.4155	2	562591	26520	1089.5532	27.95	277	2405	CID-MSn
0	4891	66.4322	2	188677	8529.9	785.05	10.71	126	1372	CID-MSn
0	4892	66.4518	2	597187	252446	670.8822	364.2	199	1785	CID-MSn
0	4893	66.4708	2	750386	78384	870.4202	99.42	322	2617	CID-MSn
0	4894	66.4892	1	7.146E+08	4.518E+07	865.7618	1485	34221	34221	MS
0	4895	66.4968	2	5.2068E+07	2.8916E+06	1018.5939	212.9	1342	8729	CID-MSn
0	4896	66.5087	2	5.8681E+07	3.1825E+06	1018.5947	221.9	1381	9013	CID-MSn
0	4897	66.5157	2	6.8045E+06	358292	732.8427	123.6	806	5947	CID-MSn
0	4898	66.5295	2	3.5168E+06	401943	580.8256	300.5	408	2883	CID-MSn
0	4899	66.5447	2	2.0511E+06	114399	945.981	90.84	617	4276	CID-MSn
0	4900	66.5587	2	410616	25623	811.5027	17.68	148	1503	CID-MSn
0	4901	66.5705	1	6.1118E+08	2.827E+07	865.7626	1093	34260	34260	MS
0	4902	66.5803	2	9.0416E+07	8.6696E+06	1020.0087	434	916	6019	CID-MSn
0	4903	66.5920	2	4.1968E+07	2.8082E+06	920.9672	200.2	933	6445	CID-MSn
0	4904	66.5988	2	8.128E+07	7.4817E+06	1020.009	410.3	881	5688	CID-MSn
0	4905	66.6055	2	4.2321E+07	2.6042E+06	920.9673	216.9	1076	7178	CID-MSn
0	4906	66.6160	2	2.6493E+06	269152	614.6456	127.2	348	2310	CID-MSn
0	4907	66.6285	2	2.6051E+06	193208	669.824	92.35	438	3067	CID-MSn
0	4908	66.6378	1	6.8525E+08	2.7196E+07	999.5481	871.5	33391	33391	MS
0	4909	66.6513	2	1.8197E+07	2.3789E+06	652.0075	633.7	713	4493	CID-MSn
0	4910	66.6652	2	2.504E+06	465948	1044.5027	281.8	357	2873	CID-MSn
0	4911	66.6787	2	3.2671E+06	647151	775.4324	566.2	454	3174	CID-MSn
0	4912	66.6948	2	356973	31027	1213.6052	21.67	106	1367	CID-MSn
0	4913	66.7047	2	1.1538E+06	67764	739.3602	44.88	352	2608	CID-MSn
0	4914	66.7175	2	1.5692E+06	107858	1436.7161	130.5	735	5465	CID-MSn
0	4915	66.7385	1	6.3923E+08	2.5042E+07	913.1301	938.9	35831	35831	MS
0	4916	66.7508	2	1.6727E+07	1.1701E+06	920.9662	231.6	730	5149	CID-MSn
0	4917	66.7617	2	1.3542E+07	654717	1014.5042	129.2	976	6646	CID-MSn
0	4918	66.7727	2	4.5634E+06	424379	1150.6567	258.8	567	3878	CID-MSn
0	4919	66.7865	2	851269	153129	567.6718	118.7	206	2225	CID-MSn
0	4920	66.8005	2	3.5114E+06	264343	911.9606	99.22	513	3789	CID-MSn
0	4921	66.8108	2	1.3897E+07	1.0205E+06	920.9664	220.9	677	4709	CID-MSn
0	4922	66.8197	1	7.1379E+08	3.6612E+07	913.1299	1177	35400	35400	MS
0	4923	66.8272	2	4.5731E+06	202662	1702.9111	116.8	982	6607	CID-MSn
0	4924	66.8462	2	2.7446E+06	499600	774.4285	342.2	442	2900	CID-MSn
0	4925	66.8590	2	976076	110355	1019.5056	84.62	259	2256	CID-MSn
0	4926	66.8753	2	5.3547E+06	428776	572.797	193	737	5099	CID-MSn
0	4927	66.8883	2	2.0046E+06	195273	613.9774	106	409	3215	CID-MSn
0	4928	66.9012	2	1.9838E+06	111247	752.7126	55.58	449	4095	CID-MSn
0	4929	66.9103	1	6.6709E+08	3.8168E+07	913.1301	1377	34853	34853	MS
0	4930	66.9205	2	8.1266E+06	762270	920.4648	225.8	645	4557	CID-MSn
0	4931	66.9383	2	716018	89960	490.329	65.86	203	1648	CID-MSn
0	4932	66.9518	2	6.6366E+06	403185	588.9695	170.3	619	4155	CID-MSn
0	4933	66.9633	2	6.9843E+06	1.3502E+06	536.2924	610.7	480	3471	CID-MSn
0	4934	66.9747	2	2.4142E+06	923440	1108.5613	458.3	224	1954	CID-MSn
0	4935	66.9835	2	1.7026E+06	122074	662.3277	130.8	656	4556	CID-MSn
0	4936	67.0037	1	7.2831E+08	3.9773E+07	725.3737	1316	32086	32086	MS
0	4937	67.0163	2	1.8567E+07	2.5927E+06	614.3128	454.6	501	3397	CID-MSn
0	4938	67.0295	2	9.9664E+06	2.0666E+06	880.0177	438.5	386	2998	CID-MSn
0	4939	67.0358	2	2.2143E+06	536963	1190.6654	312.6	298	2243	CID-MSn
0	4940	67.0498	2	820827	49528	660.3843	36.01	261	1924	CID-MSn
0	4941	67.0640	2	1.2086E+06	148250	1053.65	166.1	411	3400	CID-MSn
0	4942	67.0805	2	1.0798E+06	182034	1480.7279	185.2	340	2646	CID-MSn
0	4943	67.0965	1	7.7167E+08	5.1949E+07	725.3737	1673	31855	31855	MS
0	4944	67.1067	2	166348	9624.6	854.4313	10.85	97	1134	CID-MSn
0	4945	67.1267	2	110725	6863.6	1400.8052	10.09	63	1139	CID-MSn
0	4946	67.1435	2	1.1144E+06	121060	1115.5575	81.4	329	2433	CID-MSn
0	4947	67.1565	2	2.8784E+06	215669	1393.7058	232.5	1062	7204	CID-MSn
0	4948	67.1780	2	1.1568E+06	92945	659.3799	62.13	310	2509	CID-MSn
0	4949	67.1905	2	5.9306E+06	426677	1277.7577	204.2	939	6614	CID-MSn
0	4950	67.2030	1	8.4342E+08	6.0888E+07	725.3731	1859	31501	31501	MS
0	4951	67.2132	2	932405	102350	975.5287	90.3	378	3033	CID-MSn
0	4952	67.2372	2	1.1309E+06	328962	687.3561	306.9	212	1728	CID-MSn
0	4953	67.2532	2	2.2172E+06	106737	665.7408	28.98	297	2840	CID-MSn
0	4954	67.2620	2	1.4649E+06	162366	1120.0536	115.8	448	3501	CID-MSn
0	4955	67.2745	2	1.2267E+06	108643	860.4616	138.6	389	2650	CID-MSn
0	4956	67.2972	2	680678	184509	761.4354	166.3	172	1411	CID-MSn
0	4957	67.3107	1	9.3636E+08	6.6488E+07	725.3735	1799	29814	29814	MS
0	4958	67.3210	2	1.5539E+08	2.8267E+07	1109.0634	774.4	544	3396	CID-MSn
0	4959	67.3318	2	2.2467E+06	253260	971.4943	148.2	367	2916	CID-MSn
0	4960	67.3473	2	587102	116032	760.4256	189.1	227	2000	CID-MSn
0	4961	67.3693	2	3.9746E+06	391925	1076.5619	197.5	661	4791	CID-MSn
0	4962	67.3797	2	1.9888E+06	199368	1018.5139	122.3	444	3250	CID-MSn
0	4963	67.3922	2	1.2926E+06	170425	1320.6193	157.1	373	3495	CID-MSn
0	4964	67.4073	1	8.5004E+08	5.585E+07	725.3737	1704	30749	30749	MS
0	4965	67.4177	2	2.759E+07	3.1397E+06	722.6941	370	622	4043	CID-MSn
0	4966	67.4297	2	3.5841E+07	3.5512E+06	722.6941	392.6	709	4393	CID-MSn
0	4967	67.4405	2	1.0618E+06	254676	620.8701	253.3	216	2224	CID-MSn
0	4968	67.4558	2	2.2395E+06	173499	1131.0811	86.77	421	3257	CID-MSn
0	4969	67.4688	2	583844	58489	840.9742	72.04	277	2392	CID-MSn
0	4970	67.4878	2	924605	153741	1323.6364	203.1	387	2680	CID-MSn
0	4971	67.5083	1	7.9575E+08	4.7034E+07	725.3737	1478	30435	30435	MS
0	4972	67.5185	2	2.0733E+07	5.0593E+06	696.894	704.3	431	3217	CID-MSn
0	4973	67.5307	2	3.4226E+07	4.909E+06	696.8942	529.2	594	4263	CID-MSn
0	4974	67.5380	2	625095	52744	860.4609	63.96	277	2120	CID-MSn
0	4975	67.5572	2	449609	37862	960.9908	35.45	194	1945	CID-MSn
0	4976	67.5747	2	542941	86527	842.3961	121.5	239	2066	CID-MSn
0	4977	67.5942	2	467077	34917	902.4536	46.24	269	2306	CID-MSn
0	4978	67.6117	1	7.9052E+08	3.778E+07	725.3737	1193	31414	31414	MS
0	4979	67.6255	2	1.5166E+07	2.2707E+06	608.3088	515.8	533	3524	CID-MSn
0	4980	67.6373	2	6.7249E+06	625048	920.4648	180.9	578	4045	CID-MSn
0	4981	67.6483	2	1.7771E+06	229583	613.977	191.2	307	2493	CID-MSn
0	4982	67.6635	2	390208	40344	191.6515	14.85	73	867	CID-MSn
0	4983	67.6727	2	2.9946E+07	1.3126E+06	1131.5846	225.6	1467	9417	CID-MSn
0	4984	67.6815	2	691996	160707	872.9657	249.9	334	2948	CID-MSn
0	4985	67.7022	1	7.0016E+08	3.6934E+07	786.7188	1277	32532	32532	MS
0	4986	67.7102	2	1.8798E+07	1.1913E+06	1436.7168	213.8	1117	7921	CID-MSn
0	4987	67.7230	2	2.3451E+07	1.5005E+06	1436.7173	245.2	1226	8770	CID-MSn
0	4988	67.7347	2	4.825E+06	726293	652.007	321.4	369	2773	CID-MSn
0	4989	67.7457	2	3.8448E+06	244315	1089.0533	144.7	733	5265	CID-MSn
0	4990	67.7607	2	504254	41034	466.78	60.89	276	2106	CID-MSn
0	4991	67.7803	2	3.2063E+06	255783	767.3655	161.2	766	5539	CID-MSn
0	4992	67.7952	1	6.5818E+08	3.7518E+07	786.7188	1288	33119	33119	MS
0	4993	67.8052	2	5.2894E+07	3.7466E+06	1014.5027	180.7	862	5620	CID-MSn
0	4994	67.8165	2	3.0427E+06	224965	1089.0522	98.33	461	3750	CID-MSn
0	4995	67.8277	2	6.3773E+06	542216	920.9656	238.7	598	4247	CID-MSn
0	4996	67.8388	2	2.57E+06	642538	733.3534	224.1	267	2259	CID-MSn
0	4997	67.8483	2	4.45E+07	3.2512E+06	1014.5037	220.6	889	5873	CID-MSn
0	4998	67.8557	2	898998	85059	711.8721	61.03	248	2092	CID-MSn
0	4999	67.8662	1	5.038E+08	2.6917E+07	786.72	1174	33837	33837	MS
0	5000	67.8798	2	1.1059E+07	2.5961E+06	573.3317	912.4	292	2382	CID-MSn
