Dataset	ScanNumber	Collision Mode	ParentIonMZ	BasePeakIntensity	BasePeakMZ	ReporterIonIntensityMax	Ion_126.128	Ion_127.125	Ion_127.131	Ion_128.128	Ion_128.134	Ion_129.131	Ion_129.138	Ion_130.135	Ion_130.141	Ion_131.138	Weighted Avg Pct Intensity Correction
0	21001	HCD	600.37	6222745	230.1699	1900061.16	1779861.06	1678333.9	1395909.47	1646482.5	1735021.29	1900061.16	1725886.54	1729740.91	1729857.45	1871203.04	3.3
0	21002	HCD	595.99	528381.19	129.1378	522534.03	471670.41	451116.68	445034.94	431591.14	500162.4	479860.97	522534.03	488355.93	511246.76	516620.5	3.1
0	21003	HCD	685.66	1405710.25	262.1507	622749.72	571065.87	582258.64	469455.5	550177.08	616550.86	577920.9	596711.37	577972.11	593390.94	622749.72	3.3
0	21004	HCD	875.94	486356.09	230.17	314901.58	296206.17	287400.86	271908.05	291303.09	313494.42	279488.53	296330.12	299289.22	303806.12	314901.58	3.2
0	21005	HCD	738.88	719312.5	127.1309	753139.88	200621.75	257679.48	753139.88	421267.2	210099.27	309694.79	200480.36	189561.74	172532.1	181188.83	4.4
0	21007	HCD	711.01	4694603.5	756.408	526865.64	452735.58	423119.23	421633.59	387987.95	361958.89	406815.61	526865.64	441948.1	400199.1	442500.08	3.2
0	21008	HCD	568.0	2907040.5	230.1699	2067495.18	1759454.47	1784622.21	1413936.13	1806120.64	1812025.13	1864936.95	1886261.44	1939979.83	1955776.63	2067495.18	3.2
0	21009	HCD	702.82	754864.19	616.8162	468999.74	448916.6	424494.62	369071.62	417137.79	460222.1	463531.88	468999.74	444025.75	434623.07	454363.29	3.1
0	21010	HCD	878.97	411246.25	878.9732	254315.13	226672.21	246479.37	209504.47	230102.63	243596.22	239957.78	253006.57	254315.13	240544.33	239716.24	3.1
0	21013	HCD	1066.51	1272383	175.1187	723460.86	655461.46	701229.44	634280.48	684545.61	705108.01	721303.2	721440.75	705182.38	702711.08	723460.86	3.1
0	21014	HCD	511.93	29045660	110.0715	2500266.01	2222100.12	2264733.31	1938755.68	2196843.55	2407495.29	2162430.67	2273781.46	2380382.64	2271405.01	2500266.01	3.2
0	21015	HCD	427.29	1108703.75	129.1376	1119174.85	1119174.85	1018975.16	861816.02	955225.32	1054672.16	1041369.19	1095609.41	1089433.53	1090218.8	1099345.01	3.3
0	21016	HCD	621.32	628973.5	110.0716	269639.92	244673.99	247885.68	204051.69	223590.72	244247.04	269639.92	244592.4	244342.69	254848.85	266478.47	3.4
0	21017	HCD	754.85	619822	264.134	149448.07	119930.92	141154.96	134463.13	131073.14	134277.62	142413.89	124347.78	149448.07	127424.44	127360.02	3.0
0	21018	HCD	691.66	721253.25	262.1508	346842.74	326643.79	325936.19	297241.85	302123.72	323928.53	315482.26	343284.36	319617.62	334688.95	346842.74	3.3
0	21019	HCD	558.83	542218	130.1411	566857.78	302735.64	285564.08	304811.2	280564.81	308058.68	297253.09	297043.42	298532.52	566857.78	302545.92	3.7
0	21021	HCD	516.78	2408831	404.2339	847439.56	782348.41	756546.86	685190.55	685559.76	778185.42	818176.66	818115.29	791871.54	774022.98	847439.56	3.2
0	21022	HCD	471.76	567117.81	358.2285	372164.97	344746.98	344423.82	319154.63	345470.13	358670.85	372164.97	363087.43	368369.36	371016.98	365525.24	3.1
0	21023	HCD	533.32	796746.13	130.141	818507.61	759970.6	716112.59	693586.08	709170.73	730324.03	747172.29	750234.06	740237.99	818507.61	783565.25	3.3
0	21024	HCD	438.72	672441.5	376.2754	316747.51	190112.5	216628.06	316747.51	224664.61	217085.8	243479.9	232797.74	216012.16	217726.37	234518.36	3.2
0	21025	HCD	629.36	697444.63	131.1381	719768.64	600521.76	630574.15	545338.07	587450.46	633807.92	670616.94	682553.12	664115.84	652930.21	719768.64	3.1
0	21028	HCD	744.93	922811.69	230.17	652059.74	620148.3	611066.63	621890.66	594244.24	621049.21	646094.62	638831.91	612775	604735.83	652059.74	3.1
0	21029	HCD	444.28	793029.19	230.17	597842.55	510264.95	495309.29	417393.37	518080.01	558236.83	543030.13	558551.12	586690.47	533767.86	597842.55	3.0
0	21030	HCD	599.38	3805471.25	175.1188	1562884.26	1494034.8	1453814.38	1247811.09	1420103.53	1522257.07	1536577.31	1562884.26	1503183.57	1505908.13	1446798.8	3.1
0	21031	HCD	713.4	893582.81	230.17	415789.57	378414.68	382329.41	381377.6	391784.43	389788.99	392988.11	395305.22	403705.96	415789.57	379972.59	3.1
0	21032	HCD	879.48	311869.94	878.9735	221270.27	197193.86	202346.05	183512.57	196461.28	209366.62	203910.56	206060.99	219916	201219.59	221270.27	3.1
0	21034	HCD	611.83	616352.06	127.1312	635537.97	274552.64	348634.88	635537.97	386865.57	304493.26	367268.1	308743.46	328385.11	313120.64	339583.43	3.7
0	21035	HCD	667.86	647860.63	196.0715	562558.52	226718.39	259738.52	562558.52	297640.84	227200.88	295117.22	244253.87	221009.36	213979.91	251883.87	3.9
0	21036	HCD	739.36	565463.38	127.1311	580403.87	285730.35	298364.37	580403.87	419966.56	282457.29	316185.69	265763.39	256899.58	242172.46	258066.31	3.6
0	21038	HCD	414.51	27660780	414.5141	10917520.78	8145944.42	9149135.54	7893493.34	8302329.28	9367890.72	9390014.99	8772070.34	9446041.1	9837393.53	10917520.78	3.3
0	21039	HCD	524.06	3777100.25	500.8311	1420240.58	1371295.45	1271384.73	1015366	1114848.0	1385956.79	1388539.78	1291354.85	1256725.78	1420240.58	1375878.22	3.5
0	21040	HCD	467.26	542872.19	230.17	290417.36	285658.04	271127.96	266590.64	278899.6	290417.36	273027.13	288566.17	279190.93	279890.94	283752.78	3.1
0	21041	HCD	791.36	281113.63	110.0715	191744.72	169975.8	184454.78	160058.69	172032.95	191495.65	191744.72	184141.06	187472.15	189531.21	187401.43	3.1
0	21042	HCD	577.97	351944.97	127.1311	348596.33	310519.1	313941.31	348596.33	333392.26	335416.02	339825.41	320624.03	333138.93	327047.04	334683.65	3.0
0	21043	HCD	731.92	218759.44	131.1381	226748.93	184353.44	179756.57	190665.38	201510.64	180833.83	202223.96	188506.43	184684.58	196786.4	226748.93	3.2
0	21045	HCD	552.35	7703452.5	552.3502	4075066.58	3259532.11	3588376.9	3002863.05	3392419.2	3701298.23	3752225.93	3763636.0	3858245.32	3928146.56	4075066.58	3.1
0	21046	HCD	642.13	1961543.5	136.0756	418295.52	311474.92	327075.22	244621.57	313345.04	366680.7	350536.36	332455.1	362590.91	356632.38	418295.52	3.3
0	21048	HCD	434.93	1756819.88	175.1189	956121.79	846056.73	773405.71	811932.91	754835.93	837890.89	829881.13	907901.15	860951.19	916334.24	956121.79	3.2
0	21049	HCD	700.38	866582.56	230.1699	710584.46	674912.77	646230.4	629696.68	623330.84	691410.34	654809.17	710584.46	691319.78	663247.29	658900.25	3.1
0	21050	HCD	594.96	788697.56	129.1378	787820.82	685426.63	723279.72	598879.74	662671.93	680273.04	734359.31	784269.93	701822.73	741226.44	787820.82	3.2
0	21052	HCD	675.67	23471060	262.1506	5417616.4	4799167.04	4753272.93	3717404.69	4333742.95	4969619.66	4991136.21	4653339.73	4917559.76	5417616.4	5051361.62	3.4
0	21053	HCD	406.83	4150811.25	213.6365	428750.82	361501.38	385566.97	307614.77	363073.84	428750.82	411523.94	393359.97	419188.98	416445.75	428376.06	3.2
0	21055	HCD	432.25	1640805.38	358.2285	939573.48	857783.11	834593.44	871645.73	917475.57	934956.28	890561.84	938170.49	897180.63	899146.12	939573.48	3.0
0	21056	HCD	667.36	686153.94	196.0716	562439.85	293870.04	306182.21	562439.85	351374.79	294696.34	331946.31	294674.94	258913.1	265751.65	284763.76	3.6
0	21057	HCD	516.92	2326828.5	110.0716	1076121.7	871192.09	911031.14	778238.96	859208.27	935628.43	912584.28	970742.07	899355.87	925025.25	1076121.7	3.3
0	21058	HCD	496.96	1914537	376.2754	567030.48	480911.45	477070.22	422867.91	469744.63	485243.36	484363.73	518096.16	532684.98	519538.67	567030.48	3.2
0	21059	HCD	724.43	477082.97	724.4293	299054.11	265096.16	270999.5	299054.11	256229.79	262111.71	261912.39	278691.2	249993.23	253043.76	265670.4	3.1
0	21060	HCD	823.41	261117.59	586.2291	109337.74	107424.0	94019.47	74144.87	100918.45	105967.47	95097.87	104116.85	104191.59	109337.74	108759.77	3.3
0	21061	HCD	913.04	296855.19	913.041	209151.93	199877.2	185990.89	147643.48	194538.78	202714.44	175352.98	191086.57	180092.04	209151.93	190154.62	3.4
0	21062	HCD	914.04	330632.69	230.17	277245.62	234043.36	256808.85	213547.35	236266.46	249795.79	257160.14	261347.08	277245.62	265638.06	254209.15	3.1
0	21064	HCD	459.3	20565784	175.1189	12287138.5	10576325.44	10450184.34	9859599.86	10547625.87	10653273.2	12063882.41	11254609.05	12287138.5	11262272.46	11859097.67	3.0
0	21065	HCD	1070.98	1122289.13	138.0549	24631.52	15525.01	17130.97	18755.95	12559.46	24174.27	24631.52	22481.7	13235.33	16353.02	22455.67	3.8
0	21066	HCD	494.82	2023350	230.1699	1672320.55	1672320.55	1575365.25	1595514.37	1517267.81	1500996.56	1552447.64	1631008.83	1534053.34	1430397.44	1427206.57	3.1
0	21067	HCD	517.8	1208817.25	110.0716	811513.8	665657.96	659025.92	615700.33	602465.98	665647.25	693048.93	715346.85	632497.74	675116.84	811513.8	3.3
0	21069	HCD	530.67	10241120	131.1381	10577173.84	8329391.87	8928549.74	6091924.59	7972332.28	9166626.43	9693854.23	8925453.95	9554289.32	9728951.88	10577173.84	3.3
0	21070	HCD	538.81	5689878.5	538.8059	3171881.47	2716201.36	2840529.57	2517424.38	2676080.27	2800201.19	3171881.47	2648481.73	2833666.98	3025291.99	2841740.21	3.3
0	21071	HCD	457.97	16112210	475.3439	11726926.65	11089844.23	11093887.82	8526714.09	10202498.62	11008426.4	11041433.35	10576301.16	11210665.57	10132676.28	11726926.65	3.3
0	21072	HCD	588.37	8190816	588.3732	7098790.83	6892725.74	6655514.96	5910508.23	6880117.16	6609340.53	6680652.38	7091834.54	7098790.83	6624607.07	6998121.62	3.1
0	21073	HCD	828.52	780989.38	828.0213	166544.21	155893.87	136241.17	139909.99	141408.56	151763.78	162120.65	135086.85	140463.53	166544.21	157948.98	3.4
0	21074	HCD	1033.97	2661157	138.0549	44842.01	39172.5	37784.96	29472.15	34923.77	39403.14	37765.9	39584.05	38258.09	44842.01	41878.18	3.5
0	21075	HCD	562.65	270414.91	230.1701	220526.32	178744.58	179179.57	202582.64	206322.41	186008.19	191904.23	200661.26	192709.79	220526.32	197907	3.0
0	21076	HCD	667.9	672754.63	196.0716	628306.15	338355.13	378417.37	628306.15	382716.03	352686.98	399510.82	364218.57	346637.87	340873.76	370904.16	3.5
0	21077	HCD	616.4	550498.06	230.1701	524208.6	524208.6	494247.34	399105.19	440025.53	489431.95	520284.48	482928.48	487714.01	505189.29	505225.44	3.4
0	21078	HCD	728.68	223936.39	230.1701	189612.94	168064.09	163953.97	189612.94	165737.6	162023.75	175361.41	171252.22	182056.49	186569.87	187724.54	3.1
0	21080	HCD	770.63	328207.06	230.17	331720.33	322685.94	282698.84	280116.21	275026.6	299549.33	325416.65	287041.1	294099.52	320066.42	331720.33	3.4
0	21082	HCD	686.46	2234070.25	686.4578	1166224.85	1166224.85	1084384.06	824618.92	998587.14	1084237.2	1104943.33	1110946.11	1118775.29	1078941.66	1130281.55	3.3
0	21083	HCD	651.9	504826.22	651.8958	393581.32	272758.52	303632.17	393581.32	271691.49	288715.28	316645.41	286476.42	280894.82	292833.04	288329.81	3.3
0	21084	HCD	533.97	7075793	110.0715	3274300.55	3170312.93	2984062.5	2453007.33	2866640.6	3002122.82	3033396.13	3081201.95	3003044.35	2958294.96	3274300.55	3.3
0	21085	HCD	796.15	678437	795.5038	246364.7	236473.93	207423.35	155266.51	212029.19	246364.7	209394.26	223495.99	184630.43	229894.05	198810.99	3.4
0	21086	HCD	710.36	402244.03	874.4196	223859.44	181110.95	186065.09	185019.1	188349.27	204205.34	199895.99	206982.48	197887.61	223859.44	199451.74	3.1
0	21087	HCD	448.25	399957	230.1701	322510.59	309701.25	298329.44	320405.69	282092.95	322293.44	320792.17	322510.59	315334.83	319944.16	319969.61	3.1
0	21088	HCD	703.05	535092.5	616.8165	339815.83	319437.83	314082.12	247821.77	289423.14	329867.17	315928.18	314642.65	311000.77	339347.98	339815.83	3.4
0	21089	HCD	634.35	598716.75	230.17	396229.45	343275.85	356564.78	337284.1	352816.51	374182.68	368046.21	381189.02	368540.26	350505.74	396229.45	3.1
0	21091	HCD	476.82	8707044	476.8148	8188764.79	7222995.39	7516920.66	5982364.98	6877740.73	7525454.65	7700461.37	7650776.84	7542636.3	7418886.55	8188764.79	3.3
0	21092	HCD	747.37	273792.16	693.3069	179169.54	144090.63	158756.74	151964	141303.33	149909.48	170212.64	179169.54	160344.34	155651.85	167553.81	3.0
0	21094	HCD	483.96	13472399	230.17	10795551.9	9682709.51	9550459.24	9769680.71	10280169.1	10141201.07	9936622.02	10795551.9	10348003.11	9603997.68	10029141.83	2.9
0	21095	HCD	550.29	2529473	359.7239	1334819.82	1333407.11	1180383	788387.06	1049467.39	1289087.21	1187339.77	1205613.2	1202474.39	1334819.82	1239758.36	3.6
0	21096	HCD	497.29	1278676.38	230.1701	982128.0	868217.32	856706.15	758054.25	793039.16	896415.28	910920.04	938246.38	896322.08	906564.93	982128.0	3.2
0	21097	HCD	681.35	1090714.88	128.1344	1081467.91	1047401.76	1004455.09	881430.73	952428.88	1074149.84	1026886.3	1070392.6	1016634.38	1035202.01	1081467.91	3.2
0	21098	HCD	479.59	464285.84	110.0716	391632.84	310429.88	308460.97	391632.84	344997.31	306672.38	356292.74	340692.37	341657.92	332371.62	343366.31	2.9
0	21099	HCD	656.71	957834.81	131.1381	1001896.5	530560.14	590092.15	949311.4	655314.19	584511.88	651531.05	628230.53	591421.13	573243.24	1001896.5	3.7
0	21100	HCD	898.43	446892.41	906.4178	73808.51	60841.44	61249.58	59094.33	59151.76	73559.34	65186.12	63244.78	66498.75	65014.24	73808.51	3.2
0	21101	HCD	1377.95	1881105.13	138.0549	22748.67	17863.69	20157.0	13829.82	19755.24	19567.18	17764.28	19448.81	20117.54	18480.59	22748.67	3.3
0	21102	HCD	664.6	242765.61	230.1701	201357.57	179051.77	176986.2	170570.15	186358.07	171565.51	176097.44	190491.45	177144.84	169663.78	201357.57	3.2
0	21104	HCD	490.03	2403654.75	230.1701	718204.79	688790.05	714598.56	581200.14	669399.34	670275.51	684721.61	707166.21	714992.5	718204.79	709133.45	3.3
0	21105	HCD	735.78	77517.22	230.1701	54084.72	43667.47	50893.87	54084.72	51952.69	52711.98	47777.16	45904.31	45369.86	45985.98	47573.05	3.1
0	21106	HCD	568.13	574816.81	433.7559	484274.03	413940.01	452423.2	282442.64	398181.22	474581.18	427124.63	441437.23	448903.18	468005.83	484274.03	3.4
0	21107	HCD	794.42	244379.47	795.5035	74937.79	62669.01	65207.29	74937.79	68948.85	71685.87	72093.55	65645.37	70026.14	73231.69	73923.58	3.1
0	21108	HCD	897.93	531120.56	906.4182	64407.6	60413.94	61349.81	59624.71	59154.22	64407.6	62976.38	63024.27	55949.15	62430.97	58800.14	3.2
0	21109	HCD	770.38	193057.31	230.1702	190772.84	160335.91	159700.91	153809.88	175539.45	170381.12	167712.23	172790.94	163072.04	170440.46	190772.84	3.2
0	21110	HCD	659.68	532161.06	136.0757	315357.11	155770.5	176147.26	315357.11	209741.85	163849.63	204641.33	159231.29	158640.79	139419.57	158951.05	3.5
0	21112	HCD	513.81	1626991	230.17	1090243.9	910966.42	899171.29	991258.03	914001.45	894399.57	998228.14	983125.43	1045515.69	971190.55	1090243.9	3.0
0	21113	HCD	624.33	568123.13	624.334	509356.24	448588.08	446828.46	509356.24	443681.71	470524.87	478910.3	456140.8	447443.05	465393.24	506435.12	3.2
0	21115	HCD	461.3	1166683.13	230.17	891179.65	788650.71	705493.61	722191.03	790074.59	811032.07	829238.9	784506.75	752679.27	770053.27	891179.65	3.2
0	21116	HCD	572.65	461090.91	136.0757	420790.97	245091.12	237828.59	420790.97	309251.8	241093.09	296356.28	256831.11	230966.32	256168.46	281331.34	3.4
0	21117	HCD	602.31	2946488	602.8388	795044.72	683699.02	715566.45	668382.49	627321.13	744090.94	763508.59	726770.93	727837.59	795044.72	726229.89	3.2
0	21118	HCD	427.28	1006837.94	131.1381	1038737.03	915733.88	948925.05	683311.15	844729.26	951151.9	934988.24	974227.95	966572.69	988195.2	1038737.03	3.3
0	21119	HCD	687.61	4154284.25	686.9591	854368.06	831220.63	733119.82	534966.84	697969.16	802783.98	761910.45	776656.33	772837.31	854368.06	806527	3.5
0	21120	HCD	970.79	738845.38	126.055	127439.25	107812.99	109116.32	91735.2	100800.11	121586.18	97944.73	127439.25	117698.24	116826.78	119870.06	3.1
0	21122	HCD	590.86	2239791.25	131.1382	2309899.03	2242993.17	1951907.73	1671037.81	2105715.52	2139218.19	2136695.09	2116460.21	2170655.4	2190445.49	2309899.03	3.3
0	21123	HCD	690.07	559122.19	230.1701	497789.82	450814.06	461309.85	394786.7	417479.2	431699.31	493721.69	482855.73	494319.52	484153.65	497789.82	3.2
0	21125	HCD	419.24	386637.53	175.1189	196625.71	184489.99	185930.96	149426.82	167108.59	186364.65	169556.69	183324.94	191184.35	182357.07	196625.71	3.3
0	21126	HCD	403.63	18917344	213.6365	1951390.07	1457337.99	1568912.79	1178485.99	1619262.92	1788072.01	1820296.78	1790323.61	1822867.39	1951390.07	1689249.73	3.0
0	21127	HCD	637.32	2991730.25	110.0715	656976.33	606947.73	530376.11	410172.33	553529.36	656976.33	576023.71	537829.24	414917.35	596624.2	498864.88	3.6
0	21128	HCD	541.69	308027.63	359.724	197929.22	163070.68	162699.31	154326.22	129122.83	159315.84	159410.95	197929.22	183160.35	177910.92	169539.86	3.0
0	21129	HCD	728.1	583858.25	126.0551	210900.78	188133.25	179517.34	187214.12	176687.15	188304.17	210900.78	205742.04	189418.36	195976.71	200884.84	3.1
0	21130	HCD	858.48	541941.25	230.1701	382730.18	334146.33	353936.42	272695.01	320013.91	337880.0	323758.93	382730.18	359809.49	332410.56	359319.34	3.1
0	21131	HCD	664.85	220768.08	230.1701	172366.97	139439.95	151721.14	139883.53	149655.17	162765.97	140034.5	164612.7	163820.14	153206.31	172366.97	3.0
0	21132	HCD	454.27	535554.44	457.2971	246215.04	213481.15	220823.44	193122.4	246215.04	214334.03	240785.09	206913.54	235406.59	210987.9	244516.11	3.2
0	21134	HCD	672.05	841951.44	672.3799	543274.42	440865.39	466986.36	409268.1	421710.73	501202.29	492119.18	489766.94	444223.03	543274.42	540420.3	3.4
0	21135	HCD	985.15	306112.66	1252.5859	240712.93	221622.0	204164.79	168494.16	199687.22	240712.93	229828.84	223643.86	199058.92	218508.87	186532.4	3.2
0	21136	HCD	681.72	3697498.5	129.1377	3658755.99	3637711.64	3312095.48	2380160.76	2997015.62	3491108.37	3261578.63	3658755.99	3584053.34	3523244.86	3272182.01	3.2
0	21137	HCD	654.39	796019.13	129.1377	790635.9	759143.47	700354.46	658445.16	665382.2	711976.83	720168.69	790635.9	716762.84	732911.35	778880.4	3.2
0	21138	HCD	448.77	501803.75	230.1699	463898.68	429180.24	437134.63	374995.39	411287.42	451720.21	451996.15	440266.14	448262.69	463898.68	453186.29	3.2
0	21139	HCD	490.3	1766312.75	230.17	865200.28	812032.03	823301.59	695158.72	767642.4	831409.42	834100.91	798308.74	847067.12	823006.18	865200.28	3.3
0	21140	HCD	641.67	902227.5	110.0715	311824.99	302041.7	287139.68	209678.87	280233.76	293045.49	277686.85	285205.12	285452.37	311824.99	304088.55	3.5
0	21142	HCD	504.54	6015859	175.1188	4632228.86	3623673.09	3894559.8	3108300.04	3849354.96	4002000.42	3895136.14	3922623.9	4008684.26	4239689.43	4632228.86	3.3
0	21143	HCD	410.23	1616266.75	213.6366	243061.48	226736.83	204471.37	172562.13	200593.69	221649.49	243061.48	214126.12	216349.56	233628.28	229355.99	3.4
0	21145	HCD	500.77	1674275.75	110.0714	755297.36	376947.14	402308.44	755297.36	468615.36	407321.72	452910.28	393225.0	377001.93	372074.41	416963.93	3.6
0	21146	HCD	442.6	453587.16	521.2919	342149.85	304367.82	292558.61	271420.03	286078.92	288747.26	294435.77	335541.39	322559.61	342149.85	312228.87	3.1
0	21147	HCD	762.93	741573.75	230.1699	546956.9	522113.51	493782.93	442414.92	499271.5	524391.17	502736.25	535653.25	546956.9	517590.91	546417.09	3.1
0	21148	HCD	802.41	111154.63	435.2371	86622.59	72100.2	71178.47	79992.34	73319.17	75676.81	86622.59	85630.15	81413.54	73888.22	77487.41	2.8
0	21149	HCD	487.95	499113.59	128.1282	496303.31	315057.99	318822.55	288187.23	496303.31	355278.58	451984.68	365405.95	378321.23	362390.19	484913.95	2.9
0	21150	HCD	746.7	773157.44	745.936	354747.55	260776.57	287445.41	273116.38	270705.46	313415.39	299377.44	319363.24	297304.96	327554.03	354747.55	3.2
0	21151	HCD	445.6	290897.78	230.17	206555.64	188702.95	182204.46	168536.63	173809.76	186545.17	177286.26	206555.64	204073.69	202911.25	198806.47	3.1
0	21152	HCD	580.38	396605.31	230.17	330730.21	269206.81	265860.94	304672.77	306696.49	292323.67	308692.39	290526.07	287074.83	287257.75	330730.21	3.0
0	21153	HCD	830.9	739001.13	131.1382	785731.67	149498.9	156241.3	263076.88	188085.28	135122.63	183752.55	206725.93	151628.61	120101.89	785731.67	5.3
0	21154	HCD	604.67	616365.5	230.17	467098.62	424296.09	450516.39	457764.31	428290.94	433851.77	420364.44	467098.62	406495.26	433957.21	420396.35	3.1
0	21156	HCD	483.29	40832832	230.1699	31783437.62	27893997	29487581.21	25805014.83	26194023.11	29391660.2	27002851.48	29451583.49	31642516.1	29048832.58	31783437.62	3.2
0	21157	HCD	416.26	8627698	358.2285	4804916.61	4591450.49	4075370.78	3555714.0	4207546.39	4476142.09	4416970.06	4186258.76	4521308.09	4433200.89	4804916.61	3.3
0	21159	HCD	424.25	518698.81	358.2286	447967.18	373509.52	401350.05	374363.6	362550.92	404757.61	402645.53	403768.23	412725.6	413509.16	447967.18	3.2
0	21160	HCD	524.83	1083332.63	230.1701	844907.12	717804.66	687121.37	593881.43	646336.13	699055.45	757186.77	754345.73	740336.42	844907.12	767185.47	3.3
0	21161	HCD	498.3	2957989	230.17	2369934.24	2052629.35	2129449.89	1660068.63	1909883.63	2197180.31	2141893.22	2134791.49	2151204	2078842.44	2369934.24	3.3
0	21162	HCD	508.62	827131	836.3985	616041.06	551795.16	552437.14	480260.97	560526.65	580929.41	588976.89	608692.76	581087.33	603322.53	616041.06	3.1
0	21163	HCD	451.77	438345.53	175.1189	327506.47	311709.72	303886.43	279061.86	294970.01	322620.85	316971.1	298409.31	306979.69	327506.47	325654.64	3.3
0	21164	HCD	591.49	3011974.5	590.8575	975282.27	934176.22	878833.58	724015.17	917781.42	975282.27	886434.63	919909.03	828681.05	933012.95	883184.73	3.3
0	21165	HCD	511.29	4908697.5	136.0756	1485599.26	1485599.26	1334729.55	856674.81	1293354.38	1363533.0	1241008.51	1476351.53	1406855.33	1478744.22	1350703.73	3.4
0	21166	HCD	629.83	407158.94	248.1806	318637.59	292121	268438.29	229362.07	278427.89	313760.3	301185.67	298465.43	316999.67	316755.43	318637.59	3.1
0	21167	HCD	439.59	395082.5	230.1701	322062.27	287600.09	286546.31	262221.92	300934.97	299507.23	299487.4	314705.9	297051.6	291308.19	322062.27	3.1
0	21169	HCD	421.77	28652748	272.1714	2958636.94	2641490.81	2523302.11	2332770.65	2395256.59	2815428.34	2459945.18	2543738.24	2613406.9	2555122.22	2958636.94	3.3
0	21170	HCD	584.3	1584327.63	230.17	1082169.28	816226.71	869595.17	691353.23	844328.26	955633.24	917797.44	937161	873584.56	887722.3	1082169.28	3.2
0	21171	HCD	631.4	480339.88	631.3978	405490.68	317729.68	325045.18	405490.68	365534.42	344031.84	344363.4	347270.99	343085.19	309961.75	348492.97	2.8
0	21172	HCD	675.71	9166385	262.1507	5053079.52	4839014.44	4771657.15	3533067.47	4652548.58	4832906.69	4991170.62	4865939.19	4967577.82	4896839.83	5053079.52	3.3
0	21173	HCD	985.48	743267.13	1252.5854	590605.38	565104.46	466566.76	361759.91	522056.19	590605.38	515614.81	504108.96	438261.38	553439.14	512936.41	3.5
0	21174	HCD	785.19	2630984.75	623.1375	696745.82	640065.4	629890.79	440480.87	572592.99	649248.69	620710.74	692810.55	676214.57	612680.74	696745.82	3.2
0	21175	HCD	664.35	306948.69	230.1701	296417.28	249539.76	252526.81	207402.72	243149.74	275984.09	252878.54	296417.28	254801.91	283043.07	278245.73	3.2
0	21176	HCD	1021.58	569715.88	544.2927	473223.88	473223.88	435761.17	227580.9	375500.42	429597.38	390552.01	448062.33	439879.65	433820.16	375179.85	3.5
0	21177	HCD	756.72	327914.16	592.296	149612.7	133971.87	134332.99	125543.79	124300.99	134434.38	149612.7	145439.75	139261.43	130701.54	145795.85	3.1
0	21179	HCD	647.08	1956705.88	159.0916	362259.94	316493.45	303719.8	297172.05	329662.04	348221.57	345365.63	347835.43	309119.91	339220.76	362259.94	3.1
0	21180	HCD	609.03	7413478.5	129.1315	7430737.13	6309751.3	6635255.01	4713482.13	5832605.86	7013015.68	7430737.13	6772792.2	7196948.93	6824558.71	7085212.55	3.2
0	21182	HCD	524.77	744054.63	230.1702	551009.02	481498.03	448024.74	366902.77	438080.96	482751.73	477594.39	491552.02	514535.61	551009.02	518129.97	3.3
0	21183	HCD	531.1	1466475.5	530.6724	856877.96	761241.33	742352.05	525720.58	701110.95	817008.58	797001.35	789354.08	780436.66	856877.96	763195.48	3.3
0	21184	HCD	600.86	4122452.5	601.1082	3878200.29	3087236.73	3614190.15	2314469.29	3351096.63	3676492.87	3493458.33	3865314.95	3878200.29	3664282.31	3611880.87	3.0
0	21185	HCD	593.85	480830.97	230.1701	440250.6	336218.46	395434.93	317043.83	339790.31	383443.8	386862.59	363226.41	408561.43	388442.26	440250.6	3.3
0	21186	HCD	907.45	311491.13	130.1346	307902.65	266190.15	249870.78	209219.17	261906.81	293430.13	274374.37	307768.39	307902.65	302702.57	299745.01	3.0
0	21187	HCD	767.39	263858.16	230.1701	233799.53	192389.08	183940.92	163377.47	189507.77	215767.16	215602.86	193211.77	201696.85	230702.16	233799.53	3.3
0	21188	HCD	692.39	298891.78	129.1379	296196.9	288998.11	269622.48	202995.75	271151.64	280771.61	279536.71	296196.9	281392.25	273260.19	293535.53	3.2
0	21189	HCD	862.44	169178.19	230.1701	89144.43	77878.09	67063.06	75410.22	74704.42	89144.43	75056.99	71563.81	65749.84	77976.26	70774.98	3.2
0	21191	HCD	837.63	200237.58	230.1701	118244.55	77585.95	92737.34	75705.96	88869.02	101636.88	105088.69	104443.73	87705.57	98415.04	118244.55	3.2
0	21192	HCD	906.78	437227.94	905.9955	376542.75	344246.42	307779.37	239915.1	316890.7	336546.23	344469.48	375560.06	376542.75	331578.96	347261.02	3.0
0	21193	HCD	686.38	2601604.25	686.4573	1240368.79	1201696.39	1134445.72	768313.42	1064572.68	1193524.54	1173959.59	1240368.79	1186160.91	1194702.72	1238065.14	3.3
0	21194	HCD	799.1	689709.69	580.8555	374465.16	334847.84	334271.01	305226.22	313543.85	346234.53	342973.57	374465.16	336069.59	334219.1	347178.41	3.1
0	21195	HCD	639.92	213258.3	230.1701	197781.42	168515.04	177797.03	172721.32	166261.44	188160.27	174353.31	179713.89	172834.64	197781.42	194462.12	3.3
0	21197	HCD	442.77	620209.69	356.9107	291581.77	291581.77	246624.54	218503.1	244076.49	281774.07	266885.25	290936.71	275017.66	281045.16	267610.02	3.2
0	21198	HCD	716.73	352419.84	230.1702	300177	244824.82	300177	219908.39	230185.18	242001.23	255843.72	280943.51	242744.59	252386.88	287054.37	3.5
0	21199	HCD	725.89	1955833.5	230.17	1254400.93	1200192.06	1204185.43	1072866.5	1137320.24	1157919.94	1254400.93	1224642.15	1175986.78	1216246.21	1230581.94	3.3
0	21200	HCD	528.58	592276.38	128.1345	588891.86	585383.88	556032.61	400847.45	531179.53	588891.86	541524.42	561559.16	582221.9	580617.83	580016.88	3.4
0	21201	HCD	702.32	424186.84	616.8166	351364.01	285412.49	305043.38	312377.79	290101.1	322760.33	349738.48	337753.91	321512.55	340233.75	351364.01	3.1
0	21203	HCD	704.89	475888.63	127.1309	493202.25	186234.16	204883.93	493202.25	229597.2	201091.99	247176.61	227681.45	212173.02	177685.53	238001.92	3.8
0	21204	HCD	554.27	203539.88	131.1383	212079.58	123181.32	127492.36	141385.57	127934.91	139135.44	143991.27	145884.92	145375.21	136295.52	212079.58	3.2
0	21205	HCD	453.75	1557661.38	120.0809	307328.05	269128.86	280610.31	226126.32	288785.8	287381.64	279879.15	290272.33	294737.07	307328.05	295239.5	3.2
0	21206	HCD	583.05	1422564.13	303.1774	486853.05	486853.05	451548.79	438566.13	442800.61	454390.25	454183.98	459623.36	447395.54	454202.59	461341.54	3.3
0	21207	HCD	440.0	605154.75	248.1806	349144.78	326887.21	286445.94	263891.61	349144.78	348959.17	304837.82	331505.67	332487.06	304071.89	348001.93	3.0
0	21208	HCD	757.39	400849.34	592.2963	239570.35	210567.22	212888.51	185944.89	199115.18	232187.37	217291.26	225715.02	235694.67	208460.4	239570.35	3.1
0	21209	HCD	546.67	508456.31	130.1349	502029.35	472432.54	450608.48	391632.24	446192.31	454776.89	470052.13	476687.84	502029.35	487568.87	472302.55	3.2
0	21211	HCD	558.83	1044031.81	558.8323	619274.7	585701.6	569361.27	611968.23	558066.97	576534.82	592173.77	567472.74	584839.23	567494.67	619274.7	3.2
0	21212	HCD	471.26	367397.59	230.1701	316638.11	283733.85	249509.65	316638.11	266269.09	273249.13	274550.29	256124.26	243314.93	262228.54	283302.3	3.2
0	21214	HCD	504.06	6020758.5	110.0715	2305061.55	1775788.06	1822717.7	1290654.29	1707075.23	1972509.24	2010618.55	1869532.16	1903587.87	1830361.46	2305061.55	3.3
0	21215	HCD	552.65	464471.22	230.1702	368056.81	351769.07	327662.04	312382.71	353024.4	360590.08	350351.09	349628.44	345227.93	359284.19	368056.81	3.2
0	21216	HCD	544.67	673020.06	136.0757	121720.4	98919.56	97462.64	92775.18	109690.93	106028.89	103773.0	110555.48	107686.33	98263.39	121720.4	3.0
0	21217	HCD	415.8	4560546	416.2554	1690129.43	1567999.2	1554972.69	1158279.28	1463667.63	1617048.52	1570599.83	1690129.43	1689302.14	1685922.01	1645192.17	3.2
0	21218	HCD	663.63	458623.59	248.1807	441026.32	389180.93	425410.23	294712.54	377134.12	441026.32	408587.23	409404.52	391142.34	427287.14	429466.04	3.4
0	21219	HCD	554.06	569923.06	131.1382	588237.83	465940.5	487390.85	424375.52	453478.18	510872.73	526633.14	540368.81	540953.62	541517.05	588237.83	3.1
0	21220	HCD	594.1	455192.28	230.1702	424680.72	336074.77	380276.05	319966.63	318983.95	377929.1	382647.97	354327.92	400865.44	367371.4	424680.72	3.3
0	21221	HCD	514.29	682402.5	230.1702	643428.91	480679.38	508951.2	643428.91	492207.98	480547.94	504514.62	465069.29	495054.31	473456.69	505159.2	3.2
0	21222	HCD	730.37	156362.08	230.1702	141566.96	115340.44	123360.29	107088.92	117111.54	129578.43	133242.66	137478.11	132100.94	139217.29	141566.96	3.1
0	21223	HCD	632.88	785604.56	130.1349	781810.36	773510.91	714528.17	533545.12	682616.02	758053.08	715329.58	763100.04	774364.58	741520.4	781810.36	3.3
0	21225	HCD	443.03	381259.78	357.245	216296.24	191211.62	177606.9	143823.78	166837.15	203678.78	193261.96	199288.16	185124.03	205573.91	216296.24	3.3
0	21227	HCD	739.11	29458650	110.0715	9602081.52	9602081.52	8965693.23	6150985.11	8279168.12	9598407.99	9283420.41	8960690.29	7430894.95	9427103.72	9148778.68	3.6
0	21228	HCD	468.03	10495111	356.9107	1412658.91	1384528.38	1321026.84	985476.92	1249293.34	1362151.61	1310640.67	1236809.85	1410453.2	1307442.05	1412658.91	3.4
0	21229	HCD	698.06	2608591.5	230.17	2576647.17	2519759.45	2321893.4	1488469.19	1983423.52	2404711.49	1963259.57	2576647.17	2548934.21	2288134.96	2293821.46	3.3
0	21230	HCD	487.32	1456072.13	143.1178	314458.13	292642.26	282299.9	266587.86	280211.47	312547.17	311494.97	295348.88	302960.52	314458.13	312326.06	3.2
0	21231	HCD	537.28	854811.19	248.1806	195759.31	195759.31	167849.99	148333.63	167732.92	187633.13	184333.19	178434.89	169621.38	190928.57	186536.72	3.4
0	21233	HCD	577.64	431789.91	230.1701	410637.95	395848.83	377012.36	343723.7	340285.2	383883.71	389626.24	398788.47	369632.29	407396.41	410637.95	3.4
0	21234	HCD	644.35	937755	230.17	724092.26	708451.19	693201.92	635381.69	670845.81	708869.73	717249.18	724092.26	691822.6	677651.58	720453.19	3.2
0	21235	HCD	800.45	3270772.25	631.3973	1405919.14	1171992.81	1273112.06	984191.51	1193544.44	1349182.86	1323866	1312823.54	1405919.14	1314476.62	1403388.23	3.1
0	21236	HCD	688.72	473808.88	131.1382	489287.98	429438.18	429921.87	316612.61	390593.47	440177.15	422077.63	436507.2	443672.15	451939.2	489287.98	3.4
0	21238	HCD	434.93	8790285	175.1189	4252575.64	3292850.27	3420650.69	3129939.55	3084323.89	3620872.91	4252575.64	3761025.4	3845028.73	3674525.56	4044788.92	3.2
0	21239	HCD	597.35	1921989	597.3516	1759827.26	1670086.52	1677542.23	1648506.35	1644893.47	1692109.58	1658885.98	1736764.52	1759827.26	1638157.89	1673533.56	3.1
0	21240	HCD	517.04	635739.69	230.17	631299.16	595045.54	565300.94	383070.53	535727.2	602582.91	587330.93	597273.57	583704.52	614803.36	631299.16	3.4
0	21242	HCD	676	7200866	262.1507	2481224.13	2201476.57	2200653.98	1729887.56	2031084.65	2251734.67	2365036.1	2245781.75	2273064.01	2168371.27	2481224.13	3.3
0	21243	HCD	699.88	2972042.5	230.1699	2708971.87	2351708.73	2404705.29	1678264.18	2218780.67	2493807.72	2414606.73	2506110.83	2542208.06	2663230.88	2708971.87	3.3
0	21244	HCD	491.33	1000290.88	130.1349	1020595.3	898449.56	901847.5	683342.82	857674.12	975023.79	995284.08	983086.88	981582.64	1020595.3	992013.74	3.2
0	21245	HCD	566.58	363565.16	385.242	209965.09	202013.34	174385.29	160973.02	192334.59	204722.17	189622.5	190243.82	186379.55	169525.71	209965.09	3.2
0	21246	HCD	615.33	792026.5	230.17	575231.84	514304.71	559646.46	495036.39	525736.16	560232.45	575231.84	551331.32	556082.56	570423.69	573756.56	3.2
0	21247	HCD	673.02	1010617.19	230.1701	1031035.3	409932.55	456601.06	624356.03	477351.28	432173.45	488993.13	470621.37	420068.57	428785.89	1031035.3	4.0
0	21248	HCD	578.96	417742.19	230.17	309958.24	286653.31	269330.02	261816.86	282994.4	290053.59	306753.9	304477.35	299919.9	309958.24	298838.71	3.1
0	21250	HCD	808.97	856276.69	127.1309	909672.33	93077.6	194840.91	909672.33	425628.01	125751.49	256906.96	105437.19	106922.1	72048.69	106796.6	6.2
0	21251	HCD	979.99	120498.07	230.1701	115235.99	97841.2	100451.19	79762.49	103976.2	108347.93	105390.09	107260.97	99926.83	115235.99	109258.66	3.2
0	21252	HCD	523.79	3954479	136.0757	1326969.01	1226191.82	1177578.42	810484.99	1095095.03	1299983.37	1128865.28	1269939.45	1268603.4	1326969.01	1205158.65	3.3
0	21253	HCD	907.78	3192126.25	906.9987	1591563.2	1374001.0	1413153.6	954023.58	1354489.53	1533115.19	1466100.24	1509523.81	1539877.75	1503378.55	1591563.2	3.2
0	21254	HCD	640.34	1185257.88	639.9186	635031.26	575909.79	557176.7	483524.68	553863.8	588464.77	565039.37	619351.57	609082.93	569134.61	635031.26	3.1
0	21256	HCD	494.82	31526936	230.17	26724326.34	25071275.61	24041135.22	18125051.27	22086404.08	25112213.15	25331020.78	24081211.26	22794018.73	23309009.95	26724326.34	3.4
0	21257	HCD	446.87	460277.19	376.2756	248730.47	219429.93	218095.07	151312.29	222543.94	246594.47	232364.06	221000.9	248730.47	229173.81	218572.19	3.1
0	21258	HCD	456.52	12270068	120.0809	3016780.13	2862678.52	2943248.03	2173402.45	2683158.12	2779420.48	2787989.02	2823339.32	2999218.66	2949208.87	3016780.13	3.4
0	21259	HCD	608.99	2778873.5	230.17	2314367.53	2091219.16	2197815.23	1688286.92	2001921.82	2138588.88	2200051.7	2140620.54	2132953.84	2273276.18	2314367.53	3.4
0	21261	HCD	472.1	454116.44	471.7997	208157.56	141692.61	131180.69	208157.56	154797.57	148701.66	140500.88	131844.65	124647.62	121735.31	137672.91	3.2
0	21262	HCD	903.45	310165.97	255.1086	80140.49	56747.48	70317.57	73177.45	56284.33	59236.05	66664.69	52781.93	80140.49	53873.44	66071.72	3.0
0	21263	HCD	571.58	667734.75	136.0757	397748.29	332079.73	357083.07	381979.05	371816.02	351784.37	397748.29	360626.4	352050.65	374887.77	382242.37	3.1
0	21264	HCD	458.31	5324984	110.0715	3701591.14	3394005.54	3207199.82	2632982.47	3390073.53	3701591.14	3532804.96	3293925.08	3400160.3	3598587.19	3655146.48	3.3
0	21265	HCD	623.71	783761.88	230.17	757140.98	736507.39	683932.74	733447.12	657145.15	685510.53	734532.67	712179.69	693352.45	716866.1	757140.98	3.3
0	21266	HCD	886.01	733384.19	230.17	518265.65	511129.75	485093.93	466250.82	492231.99	486435.37	489252.42	518265.65	496063.82	472573.08	515660.27	3.2
0	21267	HCD	585.03	768600.63	230.17	714768.36	676485.7	649888.21	535115.37	649468.7	681519.54	671509.09	690939.39	707584.78	714768.36	688644.6	3.2
0	21268	HCD	777.07	578133.44	303.1774	217778.28	217778.28	188876.89	194171.82	174649.45	204900.08	205674.94	198224.16	198675.53	215522.87	216005.74	3.4
0	21270	HCD	588.37	3833402.5	588.3732	3801229.24	3530445.94	3263576.23	2611419.1	3222049.08	3744044.93	3693101.65	3306823.57	3534167.63	3548687.68	3801229.24	3.3
0	21271	HCD	851.11	162234.73	639.882	61680.71	32310.95	35375.6	61680.71	44228.84	37293.73	45146.13	43311.18	42146.11	34411.73	41376.19	3.0
0	21272	HCD	573.37	2908812.75	230.17	2642812.1	2315082.74	2390360.37	2157348.6	2385554.58	2405069.31	2335348.06	2642812.1	2495304.2	2290159.49	2343306.8	3.0
0	21273	HCD	608.35	2469765.75	230.17	2041112.65	1866523.31	1922383.32	1636836.11	1786427.63	1885044.33	1859110.84	2015097.79	1931211.29	1854988.12	2041112.65	3.2
0	21274	HCD	591.01	4000866.5	376.2755	1844009.41	1750606.84	1654970.96	1461541.82	1498073.93	1844009.41	1739007.97	1669176.99	1590466.57	1747571.19	1677799.17	3.4
0	21275	HCD	628.36	8442511	628.358	342584.08	332272.19	335997.08	244655.51	297916.81	332578.3	317818.86	338565.8	329149.1	324170.47	342584.08	3.3
0	21276	HCD	1046.58	1244913.75	230.1699	896934.65	873856.49	824574.41	455154.66	730889.93	824371.8	780546.97	896934.65	879740.58	813633.88	850935.59	3.3
0	21277	HCD	611.66	419216.41	127.1311	419657.74	327684.64	306697.56	419657.74	322775.11	321579.34	360151.12	311543.09	301227.22	293082.25	365738.81	3.1
0	21279	HCD	533.97	68661960	110.0715	10542658.25	8361591.7	9139718.9	7242615.36	8567719.43	9494008.79	9192663.91	8313006.04	9450239.05	9865669.51	10542658.25	3.4
0	21280	HCD	709.7	5958541.5	874.4192	1264934.66	1119009.96	1218029.32	1041229.94	1138055.11	1164509.89	1117018.03	1237845.61	1205147.94	1194418.72	1264934.66	3.2
0	21281	HCD	478.61	1449526.5	110.0715	426902.75	419684.47	426902.75	410592.86	359046.57	392048.68	416508.2	400377.03	378726.3	410523.49	414640.71	3.4
0	21282	HCD	445.77	1196198.63	505.3257	626148.28	552898.05	539636.51	366868.29	620022.12	626148.28	517079.28	429143.27	585981.9	494954.59	466034.88	3.4
0	21283	HCD	663.12	286759.34	128.134	285185.16	231584.84	229818.53	202594.31	248392.95	285185.16	275017.71	252468.51	234895.6	269457.27	264137.18	3.1
0	21284	HCD	634.35	479086.56	230.17	349013.48	288483.05	311311.58	274154.8	286170.33	332320.8	332724.77	341574.59	347319.64	346896.41	349013.48	3.0
0	21286	HCD	1119.55	248216.67	906.4178	99533.76	99533.76	81339.11	61145.13	85506.0	96399.41	88311.89	93508.4	89339.88	95464.33	96785.89	3.4
0	21287	HCD	766.4	406739.59	734.4047	314727.37	306017.34	291912.75	283553.11	273623.72	287451.5	288918.44	314727.37	280254.9	280911.83	297700.34	3.2
0	21288	HCD	572.53	12550822	573.368	1638721.05	1638721.05	1617584.36	1390392.27	1443921.47	1558261.54	1456905.31	1601683.97	1549158.19	1498329.55	1544487.83	3.3
0	21289	HCD	559.88	1301833.5	559.8759	1070541.45	914795.71	1010453.91	864785.71	857343.34	957233.27	944725.17	928401.88	1070541.45	898624.69	913184.07	3.1
0	21290	HCD	515.31	2011973.25	129.1376	2012395.82	2012395.82	1864571.47	1636469.57	1754118.47	1874476.45	1836701.28	1994203.09	1950937.01	1854806.48	1995492.14	3.2
0	21291	HCD	555.65	1981171	131.1382	2096031.46	636405.21	623471.69	683171.5	628074.54	675344.61	753697.81	808416.55	655736.98	579570.53	2096031.46	4.1
0	21292	HCD	469.77	2028717.5	110.0715	560456.45	528362.06	488494.34	385608.83	514111.92	531978.78	521702.36	533187.73	510887.06	450640.88	560456.45	3.2
0	21294	HCD	497.96	973855.25	447.3128	506738.1	497475.66	443959.87	428551.77	414298.47	448923.11	491263.86	475078.55	486588.95	444404.77	506738.1	3.2
0	21295	HCD	692.72	436077.75	129.1378	444865.17	408601.13	397078.39	279328.96	388945.86	421646.22	416665.72	430459.18	423493.69	431894.51	444865.17	3.3
0	21296	HCD	403.24	7569026	120.0809	1676953.44	1654086.08	1567733.64	1512538.23	1522655.36	1676953.44	1602277.15	1676347.83	1651247.92	1589206.12	1650946.58	3.1
0	21297	HCD	539.69	2178727.25	110.0715	776720.79	727241.1	689143.89	728389.68	712668.41	679467.53	726420.4	698337.44	675946.49	654218.85	776720.79	3.2
0	21298	HCD	736.38	334301.5	230.1701	326900.64	311355.96	283745.62	260190.52	316113.16	303011.49	323306.6	321209.77	301199.56	294733.03	326900.64	3.1
0	21300	HCD	671.35	761847.19	248.1806	206966.64	206966.64	175399.77	186956.4	182266.27	200602.67	188595.66	204792.41	179032.61	202029.81	190694.9	3.2
0	21301	HCD	1067	579533.5	345.1969	143720.18	120273.5	117920.87	123758.77	128510.17	124337.69	131773.16	130843.9	129080.43	128835.38	143720.18	3.1
0	21302	HCD	628.86	1626128.5	130.1349	1620720.89	1412093.4	1547860.2	1151884.92	1427236.99	1503683.63	1516261.57	1596035.69	1600868.19	1542323.94	1620720.89	3.2
0	21303	HCD	684.33	616331.06	110.0716	268485.24	211036.46	212128.54	160061.19	207293.65	248930	228266.19	226675.63	227052.06	219033.99	268485.24	3.2
0	21304	HCD	898.43	926491.63	906.4182	530962.1	528788.79	467398.78	404565.51	439698.12	526005.36	484433	528187.42	502920.39	530962.1	507110.5	3.3
0	21305	HCD	550.29	353189.66	248.1807	240476.17	218750.16	207026.39	157991.78	186818.68	240476.17	211384.69	206164.57	200030.24	225522.62	219449.16	3.5
0	21306	HCD	1067.5	851170.63	345.197	189078.99	159298.69	177049.67	164068.84	170202.2	181952.88	168843.45	175197.64	182785.23	177370.8	189078.99	3.1
0	21308	HCD	827.94	446030.09	827.4347	404235.89	373423.15	377152.83	302833.78	359719.04	366115.33	384323.14	394202.22	404235.89	384097.61	403181.61	3.2
0	21309	HCD	635.02	469313.31	230.17	324348.6	271432.72	266650.41	255691.12	253470.25	273491.78	320833.94	287728.74	285198.09	324348.6	310835.62	3.3
0	21310	HCD	419.94	16098959	120.0809	10839246.24	8412364.68	10220226.46	7285457.7	9096512.12	10110493.09	10147501.88	10449148.47	10332301.25	9431993.76	10839246.24	3.1
0	21311	HCD	629.41	3120347.25	629.4128	2500609.51	1985061.44	2382051.47	1824547.33	2246304.34	2320332.26	2500609.51	2373237.55	2401416.91	2384942.37	2449995.28	3.1
0	21312	HCD	581.81	3384547	322.187	748463.42	695312.88	701104.22	660959.3	672342.78	687959.26	723097.76	689341.47	733799.08	700402.89	748463.42	3.2
0	21313	HCD	560.82	1596542.13	559.8758	1443709.31	1399830.27	1337320.03	1196216.97	1239359.97	1379119.49	1356155.16	1443709.31	1414479.41	1381219.84	1429873.65	3.2
0	21314	HCD	484.26	5042656	120.0809	2702112.64	2167935.34	2108020.51	1685249.11	2298556.75	2328190.2	2477669.77	2320344.61	2337340.36	2497106.08	2702112.64	3.2
0	21315	HCD	615.13	1610392.38	110.0715	672406.9	579611.38	588457.75	484714.52	563524.72	586415.54	645126.52	638344.4	655239.1	672406.9	634403.62	3.1
0	21316	HCD	711.33	887853.81	175.1188	453919.05	355804.23	370037.61	388640.53	385128.66	415989.51	433127.09	412869.07	408063.76	449408.53	453919.05	3.1
0	21317	HCD	763.04	637250.31	230.1699	498038.7	373202.43	424176.6	331100.05	393711.83	457357.15	498038.7	468327.67	459356.12	454384.33	473558.05	3.1
0	21319	HCD	426.95	1246243.75	130.1349	1282438.35	1122716.36	1124688.99	756253.7	1036878.41	1190339.27	1128527.7	1110783.94	1227210.32	1067584.23	1282438.35	3.3
0	21320	HCD	449.75	514081.97	230.17	184853.22	177498.85	161170.93	158398.0	179366.29	182313.34	180588.51	162432.67	164627.36	178794.52	184853.22	3.3
0	21322	HCD	786.05	3621936.75	409.23	1149101.37	1048963.94	1035359.23	795290.35	990675.04	1113072.45	1133892.51	1089266.26	1149101.37	1095760.83	1132086.12	3.2
0	21323	HCD	687.85	2251086	304.1612	828352	764751.52	753260.08	627921.8	712327.4	797146.25	811625.83	779943.37	759198.58	801557.46	828352	3.3
0	21324	HCD	654.35	2183458.25	230.17	1947175.08	1812800.01	1781763.36	1546266.24	1677193.15	1823031.25	1947175.08	1828153.52	1772005.15	1873375.28	1910313.38	3.3
0	21325	HCD	702.38	1806903	616.8165	1445810.57	1382486.39	1326676.45	904002.8	1268340.43	1396135.92	1290530.93	1415335.06	1445810.57	1411045.83	1367381.78	3.2
0	21326	HCD	520.29	665815.56	230.17	401330.8	363078.76	345415.55	307633.58	338755.3	350086.8	370816.14	401330.8	344034.61	361923.63	382479.41	3.2
0	21327	HCD	898.81	828283.69	906.4178	610376.44	610376.44	530588.21	417214.17	530158.18	553746.89	550246.49	543659.26	530719.53	578607.93	571599.17	3.5
0	21328	HCD	805.05	340918.59	466.2517	79167.4	66498.49	63434.39	79167.4	71322.12	65042.04	68418.33	57319.2	73148.12	74329.85	77421	3.2
0	21330	HCD	681.39	29473378	131.1381	30421639.22	25822952.62	25828481.92	13199658.72	24326649.17	28011353.27	28051666.62	26413659.36	27948460.9	27146025.97	30421639.22	3.6
0	21331	HCD	463.31	1337747.38	408.2727	1095080.3	1095080.3	1015061.91	893926.94	982499.86	1031859.32	1017162.03	1077255.83	1060548.99	994398.22	1048139.75	3.2
0	21332	HCD	814.44	531222.94	242.1133	192692.77	181280.63	180869.4	170112.99	177007.65	192692.77	188352.18	178832.11	173656.09	186891.84	188177.6	3.3
0	21333	HCD	705.05	578822.19	704.4044	461799.55	383859.01	368274.59	461799.55	384118.4	386228.64	440155.62	419411.12	408636.61	407169.23	428486.87	2.9
0	21334	HCD	517.96	656058.38	230.17	489466.7	441364.77	417317.88	331807.21	403141.18	460161.93	443324.86	440027.11	444902.08	479783.81	489466.7	3.4
0	21336	HCD	504.54	754045.13	504.3343	505898.91	408108.98	453352.37	360562.08	422134.76	445448.36	444720.68	453797.49	439700.97	475789.73	505898.91	3.3
0	21337	HCD	482	2054005.13	130.1411	2123989.83	1806153.71	1540475.91	1267010.94	1491725.95	1623644.65	1535747.05	1632529.06	1589338.77	2123989.83	1592851.81	3.6
0	21338	HCD	496.97	1179744.13	230.1701	1095096.62	988048.74	867973.49	925023.19	845338.22	941243.74	1001199.99	1005145.53	1017119.19	1000362.68	1095096.62	3.1
0	21339	HCD	566.36	617820.38	230.1701	480972.38	409190.19	390953.62	480972.38	423907.11	398991.19	388858.28	402614.64	369516.45	377239.99	376715.97	3.1
0	21340	HCD	632.34	366636.63	230.1701	348540.61	282798.51	287590.57	332625.42	322231.92	307944.28	344510.33	303708.92	278652.17	278042.23	348540.61	3.0
0	21341	HCD	674.11	5984946.5	230.17	2458868.11	2342080.32	2118120.59	1596495.62	1968727.23	2276301.81	2253930.27	2211056.12	2135863.15	2188657.89	2458868.11	3.4
0	21342	HCD	652.84	2128298.25	652.8446	1218506.91	1116499.12	1096506.17	1032161.34	1032565.91	1153900.51	1124941.62	1105045.9	1157906.63	1141888.62	1218506.91	3.2
0	21343	HCD	770.14	518052.5	656.3928	211089.35	185858.58	184640.66	160235.97	179846.06	188908.48	186351.22	185590.7	211089.35	195499.25	189871.61	3.1
0	21345	HCD	747.04	756655.19	693.3073	260895.22	236249.53	242945.52	200578.1	236789.17	237347.31	245966.44	253002.72	225769.64	260895.22	254681.48	3.3
0	21346	HCD	507.33	726848.88	131.1382	749537.7	697989.85	655941.1	526345.47	647250.79	703376.12	706108.3	709314.87	705903.42	720084.79	749537.7	3.3
0	21347	HCD	547.65	633300.63	110.0716	345187.85	314418.37	333645.49	278282.98	287318.72	327262.67	332854.2	326318.4	332181.87	327634.42	345187.85	3.3
0	21348	HCD	796.38	415590.47	409.2305	122163.6	99463.33	98662.03	122163.6	99108.14	109093.69	107503.77	102664.29	85978.85	100347.48	94315.54	3.1
0	21349	HCD	743.36	619746.69	110.0716	251219.37	231972.12	233955.39	239536.4	236515.31	251219.37	243416.35	219489.03	220107.66	236335.99	234152.21	3.2
0	21350	HCD	856.16	239303.72	230.1701	199295.73	171315.1	174788.05	172898.34	170643.25	199295.73	190584.72	184108.65	185246.57	197313.5	196313.79	3.1
0	21352	HCD	970.8	339356.78	126.055	73826.41	59617.29	67106.11	56014.71	60259.29	70883.73	69163.61	67368.46	73826.41	69177.4	69885.32	3.1
0	21353	HCD	633.84	789188.19	230.17	625397.94	579551.78	526002.87	450591.53	541704.39	555054.36	545817.85	559542.42	540269.35	552377.63	625397.94	3.4
0	21354	HCD	439.27	6806763.5	473.3282	1433024.14	1112910.15	1305963.86	1085789.61	1199883.23	1433024.14	1299874.24	1293768.24	1186668.94	1242329.81	1374977.2	3.2
0	21355	HCD	757.88	721736.75	230.17	664181.41	562889.16	612854.21	484020.1	562066.73	626375.63	639113.45	611872.95	615763.41	596102.78	664181.41	3.2
0	21356	HCD	906.49	2627531.5	230.1698	2552197.23	2181355.02	2213891.81	1483374.39	1988828.25	2415307.94	2339616.07	2256743.62	2383079.45	2322168.53	2552197.23	3.3
0	21357	HCD	828.48	2118021.25	230.1699	1293303.12	1272798.67	1233079.24	1149245.08	1240737.54	1248874.68	1233091.89	1291938.37	1293303.12	1237669.27	1275691.7	3.1
0	21359	HCD	511.54	3044602.5	136.0756	1429359.3	1329878.83	1198034.39	796974.25	1184013.07	1331263.57	1377552.32	1315617.1	1296149.78	1372151.28	1429359.3	3.4
0	21360	HCD	870.12	841611.06	870.1233	286412.96	264381.04	257206.86	225312.41	255502.11	253270.33	264483.96	277678	282156.03	286412.96	277448.71	3.2
0	21361	HCD	737	3156481.75	433.2965	954053.31	910709.74	925860.16	716757.19	878838.39	917363.8	874474.24	954053.31	916870.81	901623.87	952472.42	3.3
0	21362	HCD	677.86	601299.94	230.17	375224.93	329184.19	318965.24	312452.22	295770.13	339473.15	344819.5	343079	349597.69	340981.9	375224.93	3.2
0	21363	HCD	1178.58	624798.56	503.3022	307730.43	268468.86	277708.2	254348.23	281679.44	287641.5	269706.73	287756.22	307730.43	266692.47	289396.03	3.0
0	21366	HCD	414.74	1632340.38	376.2755	422064.92	386631.22	393408.86	340817.66	410760.49	400121.14	422064.92	408939.97	380710.63	393021.96	415339.69	3.2
0	21367	HCD	771.95	1216293.25	248.1804	378938.09	365733.44	356550.57	297613.16	332418.63	349327.31	345426.85	364261.9	355821.24	357375.81	378938.09	3.3
0	21368	HCD	680.59	12843918	583.8261	3831127.58	3502541.4	3615200.64	1707189.48	3171681.32	3712114.83	3278447.65	3686798.09	3677747.75	3831127.58	3726070.74	3.6
0	21369	HCD	585.7	21669560	473.3282	4525333.16	3973520.03	4453317.68	3445292.11	4298283.73	4342530.57	4269158.76	4242223.27	4420864.77	4525333.16	4403332.23	3.2
0	21370	HCD	797.05	913059.88	409.2303	164318.06	138166.22	143494.8	164318.06	145652.89	146588.95	154121.42	149652.66	142754.64	152299.32	144834.59	3.0
0	21371	HCD	713.39	1803063.38	230.17	846688.08	759316.31	750848.32	784422.98	802655.15	820908.74	824714.44	795908.41	836080.16	758788.79	846688.08	3.0
0	21372	HCD	510.56	904675.31	230.1699	846081.45	807672.74	809279.05	542286.39	716956.1	830480.28	801704.56	846081.45	838973.83	816964.98	844426.84	3.3
0	21373	HCD	799.68	129231.08	230.1701	114862.05	103531.33	92040.23	98026.69	101656.82	99469.51	102685.44	97554.44	104005.84	114862.05	112969.57	3.3
0	21374	HCD	777.36	570478.94	843.4149	214009.2	196385.55	197734.71	175927.26	183405.19	208676.06	208030.19	200601.45	203490.08	204852.74	214009.2	3.2
0	21375	HCD	1105.5	840635.5	230.1698	670336.33	630173.43	628821.59	488948.55	626207.84	649393.53	634308.03	670336.33	634361.8	651395.29	658764.05	3.2
0	21377	HCD	907.11	2553849.75	906.4966	959596.76	763822.37	837950.56	570813.21	740265.25	878340.52	864108.84	858914.5	883314.44	913316.09	959596.76	3.3
0	21378	HCD	716.34	1002096.31	136.0757	283958.3	253807.5	266941.34	273925.23	259434.58	254717.9	281668.81	283424.58	273435.5	259172.62	283958.3	3.0
0	21379	HCD	1178.07	889560.13	1177.6882	319660.9	312936.71	316630.01	284111.7	282886.47	307124.73	307411.41	311617.41	319660.9	317846.96	305378.34	3.2
0	21380	HCD	528.3	1032434.75	136.0756	584146.04	531986.2	520137.26	309955.25	550946.5	584104.24	584146.04	564775.33	581877.34	577997.67	582077.17	3.3
0	21381	HCD	849.43	968064.94	127.131	1018633.93	216824.54	288315.52	1018633.93	424379.84	220484.2	338513.91	255878.76	213922.61	176890.98	239029.91	4.9
0	21382	HCD	600.0	946867.88	110.0716	550097.05	227930.06	228575.2	310390.43	266385.8	278469.3	312933.03	298345.58	267840.02	247856.56	550097.05	3.3
0	21383	HCD	647.85	777111	230.17	487330.11	453367.39	401590.57	384471.87	404414.8	416477.11	436215.52	466454.65	417947.16	450058.86	487330.11	3.3
0	21384	HCD	867.45	1384982.5	230.1699	869429.54	869429.54	816109.12	540952.0	759421.66	837242.34	713905.17	854106.88	821683.77	802404.93	782212.21	3.3
0	21386	HCD	791.38	563889.25	409.2303	113104.88	100020.16	98614.21	102184.76	107244.5	113104.88	99692.65	101217.62	105287.39	96645.34	106724.64	3.0
0	21387	HCD	877.04	727248.63	877.0396	433385.14	392066.07	408099.4	319771.28	394247.99	430973.91	433385.14	423004.86	423958.38	429694.03	415938.86	3.1
0	21388	HCD	644.87	1682195.75	230.1699	1272673.17	1233374.75	1171862.44	934230.73	1115208.2	1219246.26	1181278.67	1246440.97	1239551.6	1272673.17	1240091.28	3.3
0	21389	HCD	466.52	568122.06	230.17	222441.63	171382.22	156156.68	124969.31	206357	222441.63	175375.75	172272.15	195882.62	147288.74	173587.86	2.9
0	21391	HCD	725.89	6694118.5	230.17	3454745.62	3454745.62	3229758.79	2601819.4	2877315.23	3356391.1	3321354.84	3179277.97	3294557.2	3307952.62	3429390.59	3.4
0	21392	HCD	708.39	761513.31	130.1349	757890.01	702729.14	670737.26	386430.36	621900.96	753275.85	688958.79	724424.39	750853.43	696499.04	757890.01	3.4
0	21393	HCD	593.54	769299.44	503.3027	246815.59	212763.17	218789.7	189440.31	209325.6	222384.27	246815.59	232988.12	217430.25	230401.22	243057.56	3.2
0	21395	HCD	453.5	4123266.75	120.0809	772646.81	674849.91	592950.11	500500.84	584726.75	662971.3	680089.75	625188.21	654262.86	628828.57	772646.81	3.4
0	21396	HCD	472.23	1183441.88	473.3283	378710.09	289376.91	339503.42	280198.4	313492.5	326117.64	335526.32	355457.84	378710.09	350009.39	368352.5	3.0
0	21397	HCD	589.79	32218934	589.3477	4835790.67	4231163.48	4469935.41	3337371.4	4024008.25	4487888.75	4686089.51	4496947.39	4570513.46	4401123.69	4835790.67	3.3
0	21398	HCD	513.31	9427158	603.2933	1683931.73	1571902.11	1461682.28	1210659.82	1505020.47	1598420.76	1623267.73	1523789.33	1446016.63	1551233.7	1683931.73	3.3
0	21399	HCD	606.34	25573402	605.3657	6987993.7	4611279.49	4834878.07	4714082.24	5133838.53	5549277.48	6315868.46	6059555.02	6353171.51	6111511.24	6987993.7	2.8
0	21400	HCD	716.0	1837296.38	136.0756	325583.03	306960.64	307037.18	231930.05	284836.68	317881.81	317625.57	325583.03	306702.24	297786.48	320912.05	3.2
0	21401	HCD	472.54	4953194	473.3281	788747.93	720324.62	781315.6	637946.34	708442.63	773225.37	776884.69	784084.91	784742.78	776622.61	788747.93	3.2
0	21402	HCD	533.31	563123.56	110.0716	228442.61	196591.48	204191.05	170434.14	192646.56	224046.04	228442.61	199310.29	213467.67	207839.85	209659.87	3.2
0	21403	HCD	566.29	671931.63	230.1701	477252.57	400600.97	380207.46	477252.57	396281.42	364585.35	398055.46	401168.39	363096.86	392489.93	428189.5	3.2
0	21404	HCD	848.93	1144046.25	127.1311	1190783.82	399670.86	467548.95	1190783.82	615315.49	389962.12	547121.18	464647.9	393109.4	350173.92	401264.94	4.0
0	21406	HCD	1008.99	387113.16	230.17	141402.22	131038.32	131433.4	141402.22	134598.17	134460.81	137231.85	136111.77	134582.75	131784.13	130176.13	3.0
0	21407	HCD	808.45	405487.84	230.1701	328644.05	248026.82	297313.34	284542.87	294957.56	288075.69	298595.67	295594.12	328644.05	294531.35	319374.55	2.9
0	21408	HCD	848.43	993233.25	127.1311	1024640.96	446434.35	525502.78	1024640.96	628273.97	437473.95	541415.52	476700.68	464165.29	413130.91	462269.91	3.7
0	21409	HCD	620.35	497894.28	130.1411	515161.3	275582.96	377765.0	276051.47	336237.23	348209.97	361257.23	389154.86	386753.77	515161.3	394662.34	3.3
0	21411	HCD	552.32	47735260	376.2754	18021835.1	15897645.3	15803359.21	14343896.15	16144915.86	15103128.6	16991100.73	17900773.04	16631811.88	16328052.16	18021835.1	3.1
0	21412	HCD	490.53	380207.66	110.0715	200860.9	169853.38	158813.47	159358.77	175372.76	172187.55	172056.7	199562.35	183033.94	200860.9	188644.12	3.0
0	21413	HCD	742.0	553644.38	433.2971	398693.39	358284.37	372366.39	296117.88	345405.54	364179.73	373165.98	398146.17	367229.05	362250.92	398693.39	3.2
0	21414	HCD	669.02	623773.13	669.3629	371408.45	322164.39	306258.76	270845.55	350678.51	308531.0	367637.79	337751.66	330293.13	324970.3	371408.45	3.1
0	21415	HCD	678.11	374759.47	230.1702	204397.46	169841.16	168752.12	177252.57	163335.59	183826.22	199357.5	186591.25	190787.86	189958.59	204397.46	3.1
0	21416	HCD	763.38	309428.84	230.17	264721.79	204212.83	223366.68	219521.74	217438.57	238269.95	264721.79	248003.63	234320.07	255946.2	251776.88	3.1
0	21417	HCD	729.61	194682.81	230.1701	165757.12	144979.84	142122.03	165757.12	137581.29	151848.53	151620.39	143933.62	143170.09	146506.56	160436.69	3.2
0	21418	HCD	812.35	919201.69	506.7895	117280.49	88632.85	91552.88	117280.49	85907.13	82641.04	90187.28	98855.26	84187.94	88427.94	92400.58	3.1
0	21420	HCD	697.72	60516468	230.17	57127573.01	51052249.13	50726247.73	27044437.9	48786088.21	56824491.44	55452570.89	53551419.2	57127573.01	54984437.08	56461804.05	3.4
0	21421	HCD	487.32	3022109.25	143.1178	584928.31	553811.51	548464.43	480338.39	532967.06	556642.07	566315.8	558913.96	552438.38	546003.06	584928.31	3.2
0	21423	HCD	604.36	41212976	230.1699	38640594.02	30256638.95	31163177.11	25732497.4	28316050.91	31397376.4	35117225.16	34429531.33	34003167.01	34617297.86	38640594.02	3.2
0	21424	HCD	650.73	5676785	129.1377	5745791.81	5653450.49	5745791.81	4073299.61	5081332.66	5363961.47	4904080.38	5623008.67	5535781.92	5218386.44	5381134.78	3.4
0	21425	HCD	430.25	3107328.25	136.0756	536480.81	516471.08	495968.45	345749.18	441759.88	536480.81	486641.0	488836.16	514307.31	512563.85	519619.72	3.4
0	21426	HCD	503.86	1100691.88	504.3339	422489.19	346316.89	393914.74	349264.7	353031.49	385133.4	391591.41	395640.16	406624.24	422489.19	420715.29	3.2
0	21427	HCD	637.32	778586.63	110.0715	209053.09	195370.47	161231.53	153333.3	184977.96	202475.14	181976.2	179576.78	137373.01	209053.09	171078.07	3.5
0	21428	HCD	400.26	472317.72	175.1189	185182.49	177059.97	152739.5	185182.49	171809.9	158455.49	168024.41	160391.68	171626.56	174288.02	177445.11	3.2
0	21429	HCD	1074.0	585416.56	230.17	207541.41	200317.59	183488.03	111317.41	183357.1	194160.75	207541.41	189839.72	178673.66	198236.0	200433.13	3.5
0	21430	HCD	775.45	1351107.25	230.1699	767203.1	766548.09	746742.07	611671.17	690964.34	767203.1	698416.36	763554.18	726452.91	728134.26	733237.8	3.3
0	21432	HCD	675.67	1549728.63	230.17	1060367.88	911229.69	917110.89	744350.21	904135.01	958836.95	976634.05	941838.3	979628.17	1021850.12	1060367.88	3.3
0	21433	HCD	626.67	334199.69	230.1701	235832.55	226475.53	188372.91	235832.55	223868.91	215343.85	230616.77	219028.58	219811.91	202005.52	217137.53	2.9
0	21434	HCD	766.75	4871500	734.4045	3796645.78	3720621.64	3636123.73	2877127.26	3270692.56	3575302.16	3529400.81	3796645.78	3729945.72	3538902.24	3727054.43	3.3
0	21435	HCD	488.55	1865576.13	489.3594	703986.2	640225.99	642346.23	588138.48	625518.46	677285.34	633286.23	686594.14	678388.67	665950.54	703986.2	3.1
0	21436	HCD	694.47	1481812.88	127.131	1490049.27	1079443.1	1110883.46	1490049.27	1133255.4	1097650.2	1197020.31	1165227.51	1108468.09	1128553.17	1294794.67	3.2
0	21437	HCD	427.97	440033.13	376.2756	228834.59	209621.06	206335.89	168496.38	191932.49	228440.34	206815.76	216756.56	228834.59	210825.64	219202.97	3.1
0	21438	HCD	538.8	2059689.88	275.0804	1374040.85	852874.45	775681.57	640903.67	1374040.85	1223943.88	881662.03	718099.06	993328.41	745627.45	732114.59	3.2
0	21439	HCD	597.79	2034754.13	597.3516	651900.65	579561.25	561038.98	499987.5	557475.32	586982.82	622451.43	590998.24	613689.96	622206.69	651900.65	3.2
0	21440	HCD	791.72	746089.5	409.2303	153222.99	140818.66	138489.22	153222.99	147420.63	130423.88	151360.22	140071.73	130951.76	139619.65	147431.28	3.2
0	21441	HCD	436.28	999893.38	436.2813	474721.97	463359.62	458697.99	429929.87	458777.06	444514.31	449322.69	472034.97	451711.15	443791.48	474721.97	3.2
0	21443	HCD	578.64	134693296	136.0756	14608622.78	14608622.78	13770572.43	7572282.9	11714429.3	13708053.95	12675586.03	13318540.01	14127604.49	13797265.09	14273496.32	3.6
0	21444	HCD	732.88	688860.81	732.8853	550056.96	519389.03	482629.21	462752.03	489737.11	521989.93	514701.73	514300.14	499049.92	516480.46	550056.96	3.2
0	21446	HCD	523.54	18685654	136.0756	4957260.92	3933684.72	4000154.43	2166892.46	3817368.68	4428392.79	4548565.93	4444505.33	4346007.24	4614629.6	4957260.92	3.4
0	21447	HCD	494.82	5540013	230.1699	4840556.71	4234513.97	3968167.96	3027660.63	3687338.44	4398598.93	4512788.95	4265822.32	4379392.45	4492109.11	4840556.71	3.3
0	21448	HCD	517.3	1760360.75	376.2754	1009851.54	976456.23	868212.54	742944.39	850394.87	913643.06	937763.22	1004396.09	947670.01	1009851.54	1004401.64	3.3
0	21449	HCD	976.09	844476.88	975.5851	544334.48	529116.11	506046.9	384289.46	485745.99	522388.33	506088.05	526500.93	544334.48	501807.7	529031.06	3.2
0	21450	HCD	529.29	543159.31	230.1701	526342.38	433789.37	438508.66	313753.16	462847.69	462500.87	478474.75	478773.94	468911.52	469885.84	526342.38	3.2
0	21451	HCD	508.3	1143434.63	175.1188	1093948.44	887368.85	945222.69	878040.86	1013899.17	975889.38	1019869.7	1023042.36	989975.11	978972.48	1093948.44	3.0
0	21452	HCD	425.92	2633897.5	110.0715	636348.15	629925.72	572420.25	472110.61	515360.35	614104.76	569217.75	616767.17	573016.84	636348.15	616621.24	3.4
0	21453	HCD	646.66	1852700.38	645.8713	1040979.53	825703.45	819957.59	828810.73	869921.16	920662.64	946371.09	944135.8	991099.84	990628.92	1040979.53	3.0
0	21454	HCD	744.67	466628.5	230.1701	463577.22	393352.41	398218.48	322184.58	380910.89	426748.61	416538.44	403735.29	422704.47	423991.24	463577.22	3.3
0	21455	HCD	874.44	1174338.38	230.17	808434.58	808434.58	746990.35	477394.01	694324.27	741677.09	673850.62	775892.16	764028.75	741973.69	722083.91	3.4
0	21457	HCD	456.52	6497120.5	248.1805	2622419.2	2505259.17	2012943.96	1561570.84	2195055.65	2622419.2	2310194.41	2164887.89	1826485.66	2399472.93	2095794.78	3.6
0	21458	HCD	730.64	894859.25	230.17	551891.4	479955.85	510693.53	419376.36	444154.7	486539.57	492324.22	551891.4	499570.02	479993.85	523944.01	3.2
0	21459	HCD	621.0	2279348.75	230.1699	2029944.64	1232165.39	1310851.41	1076454.71	1192946.14	1358077.38	1349632.53	1407196.46	1420348.15	2029944.64	1385060.41	3.4
0	21460	HCD	672.99	1602712.88	642.3658	315013.17	281173.19	295936.26	239550.77	244262.29	283890.49	296180.4	291749.83	309990.63	275205.29	315013.17	3.2
0	21461	HCD	772.9	1415746.88	230.1699	1389821.8	1287462.22	1259329.41	1181780.7	1077036.58	1167010.18	1215765.88	1389821.8	1208812.71	1254461.31	1238565.77	3.2
0	21462	HCD	422.28	576695.63	175.1189	390779.69	340989.1	334563.87	287776.96	348499.03	358545.47	376762.59	390779.69	356930.47	368757.89	374390.45	3.0
0	21463	HCD	575.32	9073972	574.3707	2211785.48	1665437.23	1675909.63	1701304.72	1846929.9	1880255.54	2060518.82	1962237.37	2116102.59	2059353.9	2211785.48	2.9
0	21464	HCD	663.86	780831.94	230.1701	416989.98	320462.9	351263.89	344835.13	277860.19	285602.39	321047.11	416989.98	376444.1	368262.03	368590.18	3.1
0	21465	HCD	616.35	3275880	136.0756	1496124.85	330837.49	418316.09	1496124.85	662042.38	350197.51	517076.23	359142.94	335185.23	290859.04	344935.37	4.8
0	21466	HCD	447.96	1002077.5	376.2757	346253.04	313868.6	306810.05	242406.23	288353.87	320899.99	288493.82	331519.84	346253.04	324407.16	316054.01	3.1
0	21468	HCD	585.03	36321724	473.3282	7987579.61	7447496.47	7794711.66	5460163.27	7212382.69	7642055.23	7531875.79	7629430.72	7298284.14	7516167.48	7987579.61	3.4
0	21469	HCD	573.37	17129288	573.3679	14221042.72	12401739.19	13409099.73	10137550.64	12102622.67	14058565.52	14207605.34	12873334.04	12877866.24	13902343.11	14221042.72	3.4
0	21470	HCD	583.63	9855771	136.0756	1969492.78	1601309.96	1506338.68	1032275.97	1444121.29	1559045.53	1582356.32	1671595.54	1619511.8	1969492.78	1472136.5	3.3
0	21471	HCD	886.01	1018789.06	230.1699	751108.47	667548.83	698232.81	552385.44	661798.38	693077.51	707237.24	716629.44	675984.54	705168.2	751108.47	3.3
0	21472	HCD	468.27	664415.44	110.0715	411768.66	390474.37	367462.92	270404.2	374236.41	411768.66	381213.53	403411.04	362280.82	392726.52	372180.03	3.2
0	21473	HCD	1046.08	1085400.88	1046.0781	735103.29	601233.12	638871.09	293169.27	534926.8	686658.35	674945.8	619946.22	658502.54	705638.09	735103.29	3.8
0	21474	HCD	688.86	616550.63	130.1411	643079.04	360837.41	341362.92	335076.68	353536.13	370136.36	376378.01	370112.65	369173.39	643079.04	397694.47	3.6
0	21475	HCD	500.28	1399732.63	120.0809	279427.35	249144.49	240203.15	245937.5	220767.66	236422.86	247440.76	262158	252310.48	261156.2	279427.35	3.2
0	21476	HCD	700.01	1353613.13	131.138	1396130.2	937570.14	968009.91	667160.47	991501.97	1178422.75	1200662.31	1178293.68	1308300.25	1288429.95	1396130.2	3.0
0	21478	HCD	883.44	537925.06	130.1349	531771.15	521091.9	468743.18	319387.1	455344.93	474294.26	472804.56	513306.77	531771.15	490755.38	517957.98	3.3
0	21479	HCD	856.42	389340.94	127.1311	390660.8	289164.2	319846.82	390660.8	343186.72	316089.98	370326.92	347959.05	328143.96	332635.57	320972.56	2.9
0	21480	HCD	585.96	29823260	473.3282	7177940.45	6135527.09	6127664.79	4962307.45	5948403.36	6761190.64	7095681.94	6663024.58	7177940.45	6793438.81	7172511.94	3.1
0	21481	HCD	669.86	1185818.63	230.17	1170583.49	1098532.73	1020835.31	816337.76	953010.38	1096004.75	1026240.02	1065604.41	1056177.08	1109359.56	1170583.49	3.4
0	21482	HCD	403.83	1175122	230.17	286767.62	219433.21	224061.88	200107.63	213660.78	248744.66	249540.52	227164.96	234540.25	247472.73	286767.62	3.3
0	21483	HCD	591.34	1270088	376.2755	749156.93	544620.88	612405.32	572606.35	657315.15	713416.16	700417.93	683054.45	683514.33	722705.52	749156.93	3.0
0	21484	HCD	548.12	607603.94	248.1806	232649.46	207180.57	219417.98	169344.08	215832.07	208690.75	228976.2	226477.36	215247.02	232649.46	214615.34	3.2
0	21486	HCD	914.45	915218.5	262.1507	226195.28	219673.44	218706.02	189025.96	192861.3	213481.86	209319.45	217650.04	215229.15	226195.28	220347.48	3.4
0	21487	HCD	441.26	644701.13	230.17	205999.19	187177.99	184809.54	158173.8	186501.46	203704.68	205999.19	189582.33	187683.96	195454.87	200537.3	3.2
0	21488	HCD	468.07	924904.88	110.0715	529008.05	514982.77	497223.73	338904.15	470841.56	529008.05	476312.33	522992.11	443467.22	526353.21	494929.85	3.5
0	21489	HCD	451.91	1357898.13	120.0809	177755.78	147270.36	134485.82	120659.08	177755.78	172432.89	156024.06	157169.57	171391.53	151458.16	140576.69	2.7
0	21490	HCD	792.93	879769.94	230.17	559134.22	452407.33	467246.02	419206.75	496855.48	504984	503573.6	488785.88	511893.87	485299.1	559134.22	3.1
0	21491	HCD	599.01	554243.69	230.17	525889.67	448023.55	444323.47	525889.67	461035.16	463671.42	463043.02	465805.26	469378.1	490299.01	442227.18	3.0
0	21493	HCD	818.41	224996.72	409.2302	113239.67	107405.43	109799.62	88577.46	95904.65	109950.62	113239.67	109051.62	112006.01	110544	111359.18	3.3
0	21494	HCD	708.68	364484.19	274.0919	365289.6	313855.89	316000.16	202990.67	291497.42	342868.26	334499.05	330844.43	334144.48	343938.9	365289.6	3.3
0	21495	HCD	584.31	15725085	473.3282	5131026.21	4382073.69	4188553.16	2983799.93	4060729.14	4698500.51	4397815.53	4302972.67	4308573.24	5131026.21	4622977.87	3.5
0	21496	HCD	629.57	1373355	248.1804	715892.22	570341.25	654858.36	509555.23	570654.51	600747.96	634019.8	650829.52	657223.48	635665.95	715892.22	3.3
0	21497	HCD	655.4	571725.5	230.17	494304.43	446035.78	438264.38	414024.54	420672.12	442051.84	447247.88	479290.54	494304.43	440237.66	452765.83	3.0
0	21498	HCD	914.12	1377713.88	262.1506	287023.78	274056.38	255299.19	216035.44	235622.03	270472.9	278477.63	287023.78	256540.01	265079.84	273157.84	3.2
0	21499	HCD	708.35	360316.38	131.1382	371586.02	309490.87	313335.65	216331.64	282057.2	334228.39	334135.03	343999.3	349400.97	348899.78	371586.02	3.2
0	21500	HCD	878.44	659784.81	230.17	544821.03	512540.74	499188.18	355630.51	458135.45	532263.9	517865.49	537382.01	544821.03	530462.17	544542.14	3.2
