Dataset	ParentIonIndex	MZ	SurveyScanNumber	FragScanNumber	OptimalPeakApexScanNumber	PeakApexOverrideParentIonIndex	CustomSICPeak	PeakScanStart	PeakScanEnd	PeakScanMaxIntensity	PeakMaxIntensity	PeakSignalToNoiseRatio	FWHMInScans	PeakArea	ParentIonIntensity	PeakBaselineNoiseLevel	PeakBaselineNoiseStDev	PeakBaselinePointsUsed	StatMomentsArea	CenterOfMassScan	PeakStDev	PeakSkew	PeakKSStat	StatMomentsDataCountUsed	InterferenceScore	SurveyScanTime	FragScanTime	OptimalPeakApexScanTime	Comment
0	1261	90.055	225	226	225	-1	1	180	270	225	2.2991E+08	273.2	17	4.3062E+09	2.2991E+08	841435	3.95E+06	238	4.6306E+09	228	12.1	0.03801	0.3321	8	0.9603	0.92959	0.93836	0.92959	L-Alanine
0	1262	105.0182	252	253	270	-1	1	189	306	270	41472	6.842	23	2.0628E+06	13711	6061.4	8468	237	1.3533E+06	261	17.1	-0.3697	0.3413	10	0.9864	0.99211	1.00087	1.03505	Malonic acid
0	1263	111.0441	459	460	243	-1	1	207	288	243	1.1542E+07	104.3	16	2.3619E+08	140988	110636	290490	238	2.2874E+08	245	12.4	0.09894	0.3311	8	0.8448	1.58804	1.59682	0.97093	Hydroquinone
0	1264	117.0182	261	262	270	-1	1	189	315	270	41472	6.465	20	2.0311E+06	31621	6414.4	8748	237	1.2495E+06	264	22	-0.09089	0.2494	14	1	1.01384	1.02267	1.03505	Fumaric acid
0	1265	119.0339	378	379	570	-1	1	531	637	570	95817	15.2	51	5.1244E+06	53038	6302.2	8658	236	4.2883E+06	577	17.8	0.2507	0.2792	11	0.8205	1.34187	1.35065	1.92163	Succinate (1.3 min.)
0	1266	119.0339	279	280	342	-1	1	306	423	342	119317	18.93	10	2.6378E+06	19939	6302.2	8658	236	1.9134E+06	353	18.8	0.451	0.3247	11	0.9515	1.05588	1.06466	1.24134	Succinate (1.0 min.)
0	1267	124.0393	279	280	270	-1	1	180	423	270	6.1152E+08	101	32	2.5903E+10	4.2724E+08	6.0549E+06	3.16E+07	237	2.4995E+10	284	25.1	0.8688	0.6017	13	0.9515	1.05588	1.06466	1.03505	Nicotinic acid/Niacin
0	1268	132.1019	270	271	342	-1	1	306	432	342	4.9812E+08	698.7	12	7.0688E+09	2.9371E+08	712917	2.44E+06	237	7.6511E+09	345	11.7	0.04661	0.3292	8	0.7817	1.03505	1.04383	1.24134	Leucine (1.0 min.)
0	1269	132.1019	378	379	342	-1	1	306	432	342	4.9812E+08	698.7	12	7.0688E+09	8.9392E+06	712917	2.44E+06	237	7.6511E+09	345	11.7	0.04655	0.3292	8	0.8205	1.34187	1.35065	1.24134	Leucine (1.3 min.)
0	1270	133.0608	252	253	225	-1	1	189	270	225	256689	34.78	14	5.3709E+06	34724	7381.2	13400	238	4.722E+06	230	12.9	0.07457	0.3143	8	0.9864	0.99211	1.00087	0.92959	L-Asparagine
0	1271	134.0448	261	262	252	-1	1	198	306	252	58757	9.231	45	2.5629E+06	31621	6365	9184	237	1.8544E+06	254	17.6	0.09801	0.2993	10	1	1.01384	1.02267	0.99211	Aspartate
0	1272	135.0288	288	289	261	-1	1	225	297	261	3.192E+06	164.3	18	6.3035E+07	95273	19426	85039	238	6.6684E+07	263	12.1	0.06171	0.3328	8	1	1.08103	1.08985	1.01384	(R)-Malate
0	1273	147.0764	243	244	225	-1	1	189	261	225	5.3581E+06	249.1	12	7.4185E+07	306702	21510	124989	239	8.0287E+07	227	11.4	-0.0497	0.337	7	0.9891	0.97093	0.97969	0.92959	L-Glutamine
0	1274	148.0605	261	262	234	-1	1	189	270	234	1.73E+08	229.3	16	3.1887E+09	4.6793E+06	754301	4.58E+06	238	3.3577E+09	234	11.7	0.01018	0.3411	7	1	1.01384	1.02267	0.95114	Glutamic acid
0	1275	150.0583	270	271	270	-1	1	180	315	270	2.1377E+08	250.4	20	4.9394E+09	2.1377E+08	853585	5.15E+06	238	5.3831E+09	266	11.9	-0.002713	0.3395	8	0.7817	1.03505	1.04383	1.03505	L-Methionine
0	1276	151.0237	297	298	270	-1	1	189	315	270	41472	6.589	54	2.1262E+06	8889	6294	8563	237	1.3944E+06	255	21.7	-0.09875	0.3271	12	0	1.10624	1.11501	1.03505	(S,S)-Tartaric acid
0	1277	151.0601	261	262	270	-1	1	225	306	270	1.209E+07	259.1	19	2.604E+08	1.4499E+07	46656	252369	238	2.8682E+08	266	11.8	-0.006585	0.339	8	1	1.01384	1.02267	1.03505	Sugars-Monosaccharides-Pentoses (Arabinose)
0	1278	157.0244	261	262	306	-1	1	261	342	306	3.4838E+07	359.1	11	4.6844E+08	151656	97024	697869	239	5.0312E+08	308	11.4	-0.04206	0.3355	7	1	1.01384	1.02267	1.13332	Orotic acid (1 min.)
0	1279	157.0244	378	379	306	-1	1	261	342	306	3.4838E+07	359.1	11	4.6844E+08	243436	97024	697869	239	5.0312E+08	308	11.4	-0.04205	0.3355	7	0.8205	1.34187	1.35065	1.13332	Orotic acid (1.3 min.)
0	1280	169.0356	252	253	261	-1	1	216	351	261	2.5037E+07	315.4	13	4.6166E+08	1.1754E+07	79372	347900	238	4.0952E+08	260	11.9	0.06604	0.3307	7	0.9864	0.99211	1.00087	1.01384	Uric acid
0	1281	169.0495	1114	1115	1064	-1	1	1010	1250	1064	1.6061E+08	12.42	35	7.5051E+09	1.86E+07	1.2929E+07	2.21E+07	80	5.0547E+09	1066	14.7	0.4451	0.2713	14	0.9405	3.70357	3.71233	3.52104	Vanillic acid
0	1282	181.0495	793	794	784	-1	1	686	884	784	1.0756E+07	31.27	45	5.9738E+08	1.3441E+07	344014	822089	135	4.8568E+08	785	17.6	-0.02367	0.2665	12	0.4106	2.59678	2.60555	2.57268	Acetylsalicylic acid
0	1283	181.0707	252	253	216	-1	1	180	243	216	100650	12.25	10	1.5761E+06	13711	8217.4	15499	238	1.1494E+06	219	11.6	-0.002265	0.3143	8	0.9864	0.99211	1.00087	0.90654	Sugars-Monosaccharides-Hexoses (Glucose)
0	1284	193.0343	378	379	288	-1	1	252	324	288	469879	42.07	28	1.7101E+07	13139	11168	30462	237	1.7136E+07	293	14.4	0.112	0.3	9	0.8205	1.34187	1.35065	1.08103	Citrate (1.3 min.)
0	1285	193.0343	270	271	288	-1	1	252	324	288	469879	42.07	28	1.7101E+07	220145	11168	30462	237	1.7014E+07	293	14.2	0.07228	0.3	9	0.7817	1.03505	1.04383	1.08103	Citrate (1.0 min.)
0	1286	193.0707	243	244	252	-1	1	216	288	252	2.8149E+06	114.2	10	3.5233E+07	98083	24642	64253	239	3.7044E+07	254	11.4	-0.05248	0.3307	7	0.9891	0.97093	0.97969	0.99211	L-Cysteine
0	1287	193.0707	297	298	252	-1	1	216	288	252	2.8149E+06	114.2	10	3.5233E+07	87560	24642	64253	239	3.7044E+07	254	11.4	-0.05248	0.3307	7	0	1.10624	1.11501	0.99211	Quinate
0	1288	195.0877	893	894	866	-1	1	775	1026	866	2.1565E+08	139.3	31	7.5154E+09	2.3663E+07	1.5478E+06	8.06E+06	237	7.1316E+09	865	14.1	0.04176	0.315	9	0.1958	2.909	2.91777	2.826	Caffeine
0	1289	205.0972	637	638	570	-1	1	477	821	570	1.9179E+09	75.48	54	1.0898E+11	1.2552E+08	2.5411E+07	1.35E+08	236	9.7462E+10	578	19.7	0.3469	0.2665	12	0.3416	2.10711	2.11587	1.92163	D-Tryptophan
0	1290	244.0928	234	235	216	-1	1	180	252	216	141089	21.89	11	2.2786E+06	21434	6446.1	9677	237	1.9307E+06	218	13	0.313	0.3	9	1	0.95114	0.95995	0.90654	Cytidine
0	1291	245.0768	279	280	261	-1	1	225	306	261	3.1901E+06	194	16	5.1011E+07	308762	16447	79077	238	5.6211E+07	265	11.8	-0.003641	0.3337	8	0.9515	1.05588	1.06466	1.01384	Uridine
0	1292	345.1391	387	388	243	-1	1	198	279	243	1.0185E+07	204	20	2.1726E+08	101379	49931	311485	238	2.2893E+08	240	12.3	-0.04312	0.3423	8	0.2305	1.36894	1.3777	0.97093	Maltitol
0	1293	355.1024	279	280	495	-1	1	459	531	495	122419	0.03241	19	1.1364E+07	19939	3.777E+06	1.6E+07	236	3.2533E+06	496	9.33	-0.1713	0.3727	5	0.9515	1.05588	1.06466	1.69673	Chlorogenic acid (1.0 min.)
0	1294	355.1024	830	831	784	-1	1	690	1029	784	2.6966E+08	71.39	45	1.4785E+10	3.0445E+07	3.777E+06	1.6E+07	236	1.2936E+10	784	19.1	0.2816	0.2575	13	0.9713	2.71801	2.72679	2.57268	Chlorogenic acid (2.7 min.)
0	1295	423.0922	1071	1072	1018	-1	1	848	1211	1018	2.1033E+08	11.52	52	1.3497E+10	3.7102E+07	1.8256E+07	4.6E+07	160	1.0058E+10	1022	21.1	0.2782	0.2746	20	0.6158	3.5429	3.55168	3.3367	Mangiferin
0	1296	442.147	270	271	270	-1	1	234	315	270	2.8278E+06	41.15	11	4.0418E+07	2.8278E+06	68715	179950	237	3.9895E+07	274	11.7	0.02791	0.3331	8	0.7817	1.03505	1.04383	1.03505	Folic acid (1.0 min.)
0	1297	442.147	597	598	561	-1	1	504	730	561	1.9064E+06	27.74	42	1.177E+08	681399	68715	179950	237	1.0013E+08	578	28.2	0.6496	0.4598	17	0	1.9848	1.99358	1.90122	Folic acid (2.0 min.)
