Dataset	ScanNumber	ScanTime	ScanType	TotalIonIntensity	BasePeakIntensity	BasePeakMZ	BasePeakSignalToNoiseRatio	IonCount	IonCountRaw	ScanTypeName
0	1	0.0059	1	5.2047E+07	7.2142E+06	98.5118	900.2	890	890	HMS
0	2	0.0169	2	287460	70095	87.0041	10.96	6	14	HCD-HMSn
0	3	0.0181	2	947024	628085	72.9372	65.14	4	10	HCD-HMSn
0	4	0.0199	2	276180	99996	113.9637	47.5	8	25	HCD-HMSn
0	5	0.0215	2	204350	65578	88.0042	27.42	6	14	HCD-HMSn
0	6	0.0236	2	997827	217983	128.9507	55.1	14	44	HCD-HMSn
0	7	0.0261	2	54077	32613	121.9661	32.21	3	10	HCD-HMSn
0	8	0.0285	2	2.979E+06	870135	113.9636	216.5	27	71	HCD-HMSn
0	9	0.0310	2	114016	16688	85.0068	10.45	10	34	HCD-HMSn
0	10	0.0330	1	8.3894E+07	1.3891E+07	98.5117	1576	972	972	HMS
0	11	0.0418	2	222230	86345	74.9376	63.96	9	23	HCD-HMSn
0	12	0.0443	2	164452	35443	125.961	13.38	7	11	HCD-HMSn
0	13	0.0468	2	804645	258674	113.9636	113.6	17	49	HCD-HMSn
0	14	0.0492	2	99941	24582	89.0018	22.27	8	28	HCD-HMSn
0	15	0.0516	2	721347	273824	113.9636	67.59	11	38	HCD-HMSn
0	16	0.0528	2	358703	66820	87.0042	4.987	5	11	HCD-HMSn
0	17	0.0550	2	278618	82277	72.9372	27.96	8	21	HCD-HMSn
0	18	0.0562	2	521445	166976	56.9424	15.91	4	13	HCD-HMSn
0	19	0.0582	1	1.0106E+08	1.8346E+07	98.5116	1814	942	942	HMS
0	20	0.0670	2	166776	75175	70.9418	73.05	6	17	HCD-HMSn
0	21	0.0695	2	373799	225956	118.0862	163.9	8	22	HCD-HMSn
0	22	0.0720	2	334026	155912	125.0025	109.4	10	32	HCD-HMSn
0	23	0.0745	2	332294	196872	118.0862	92.82	7	19	HCD-HMSn
0	24	0.0769	2	106718	29578	72.9372	11.64	4	11	HCD-HMSn
0	25	0.0794	2	87626	16237	111.9684	16.2	8	16	HCD-HMSn
0	26	0.0819	2	159396	55284	171.1491	35.89	7	17	HCD-HMSn
0	27	0.0844	2	73064	25702	84.9597	21.83	5	18	HCD-HMSn
0	28	0.0864	1	7.4786E+07	1.3132E+07	98.5117	1526	968	968	HMS
0	29	0.0952	2	85443	23523	72.9372	13.07	5	13	HCD-HMSn
0	30	0.0977	2	158011	39333	72.9371	36.66	9	31	HCD-HMSn
0	31	0.1001	2	14204	6481.9	123.9642	6.822	1	9	HCD-HMSn
0	32	0.1026	2	71079	16403	140.0681	15.02	8	14	HCD-HMSn
0	33	0.1051	2	584595	229321	88.0042	73.42	11	47	HCD-HMSn
0	34	0.1076	2	109645	41563	84.9597	35.62	4	17	HCD-HMSn
0	35	0.1088	2	340161	106294	56.9424	9.42	4	10	HCD-HMSn
0	36	0.1112	2	9184.4	1727.6	72.937	1.727	0	8	HCD-HMSn
0	37	0.1133	1	5.9506E+07	1.0294E+07	98.5117	1319	891	891	HMS
0	38	0.1220	2	191871	83898	88.0757	24.98	5	19	HCD-HMSn
0	39	0.1245	2	28413	10282	121.9661	10.74	2	12	HCD-HMSn
0	40	0.1270	2	67220	30473	156.042	27.54	6	22	HCD-HMSn
0	41	0.1295	2	95416	45030	148.9769	26.37	6	15	HCD-HMSn
0	42	0.1320	2	124893	102142	170.0963	98.09	3	13	HCD-HMSn
0	43	0.1345	2	15120	2328.9	61.8989	2.497	3	10	HCD-HMSn
0	44	0.1370	2	83509	28607	71.0855	19.99	4	9	HCD-HMSn
0	45	0.1395	2	28854	21114	67.9349	15.82	2	6	HCD-HMSn
0	46	0.1415	1	5.7585E+07	9.4956E+06	98.5117	1212	919	919	HMS
0	47	0.1503	2	19875	7426.5	116.9721	7.045	3	9	HCD-HMSn
0	48	0.1528	2	160909	62804	56.965	27.24	5	20	HCD-HMSn
0	49	0.1553	2	118860	11867	163.9402	6.99	12	32	HCD-HMSn
0	50	0.1577	2	171072	83362	71.0291	33.89	5	25	HCD-HMSn
0	51	0.1602	2	112089	72207	261.1846	61.27	4	19	HCD-HMSn
0	52	0.1627	2	37480	21726	149.0233	18.97	2	10	HCD-HMSn
0	53	0.1652	2	23189	2946.9	132.9758	2.524	3	15	HCD-HMSn
0	54	0.1677	2	47920	18122	97.0076	15.07	6	16	HCD-HMSn
0	55	0.1697	1	5.357E+07	8.5616E+06	113.9634	1148	957	957	HMS
0	56	0.1785	2	108762	68786	97.0076	67.48	4	16	HCD-HMSn
0	57	0.1809	2	93295	77705	122.0964	76.45	2	12	HCD-HMSn
0	58	0.1834	2	139678	14692	88.0216	9.097	13	36	HCD-HMSn
0	59	0.1855	1	5.4477E+07	8.5706E+06	98.5118	1122	936	936	HMS
0	60	0.1942	2	24156	5758.7	128.9504	4.76	3	10	HCD-HMSn
0	61	0.1967	2	148599	22854	113.9636	11.09	11	39	HCD-HMSn
0	62	0.1992	2	7900.1	1923.7	120.0556	1.802	0	6	HCD-HMSn
0	63	0.2017	2	88388	59819	235.169	40.4	3	11	HCD-HMSn
0	64	0.2042	2	30623	17592	149.0231	14.35	2	8	HCD-HMSn
0	65	0.2061	2	131437	38545	88.0041	14.02	6	12	HCD-HMSn
0	66	0.2081	1	5.1973E+07	8.3893E+06	113.9635	1105	916	916	HMS
0	67	0.2168	2	23652	2055.2	114.9656	1.932	0	17	HCD-HMSn
0	68	0.2193	2	32101	20261	149.0233	19.85	1	12	HCD-HMSn
0	69	0.2219	2	43969	10846	200.9719	8.086	4	13	HCD-HMSn
0	70	0.2239	1	5.3488E+07	8.347E+06	98.5118	1117	962	962	HMS
0	71	0.2344	1	4.7884E+07	7.7773E+06	98.5118	1082	915	915	HMS
0	72	0.2431	2	90263	75424	122.0964	70.05	4	10	HCD-HMSn
0	73	0.2456	2	35539	13304	84.0557	8.983	3	11	HCD-HMSn
0	74	0.2476	1	4.8795E+07	7.7013E+06	98.5118	989.8	897	897	HMS
0	75	0.2581	1	4.8555E+07	7.9168E+06	98.5118	1117	903	903	HMS
0	76	0.2669	2	242556	51255	87.004	9.138	6	16	HCD-HMSn
0	77	0.2691	1	5.0352E+07	7.789E+06	98.5118	1022	919	919	HMS
0	78	0.2796	1	4.8627E+07	7.8009E+06	98.5118	1101	956	956	HMS
0	79	0.2883	2	14993	6611	116.9721	6.92	2	7	HCD-HMSn
0	80	0.2906	1	4.88E+07	7.5836E+06	98.5118	975.2	907	907	HMS
0	81	0.3011	1	4.5915E+07	7.1765E+06	98.5118	955.1	884	884	HMS
0	82	0.3115	1	4.611E+07	7.1351E+06	113.9635	1029	923	923	HMS
0	83	0.3203	2	53469	23538	88.0216	21.92	3	9	HCD-HMSn
0	84	0.3225	1	4.7026E+07	7.2467E+06	98.5118	1003	930	930	HMS
0	85	0.3330	1	4.365E+07	6.8763E+06	98.5118	988.2	902	902	HMS
0	86	0.3435	1	4.3914E+07	6.7486E+06	98.5118	928.1	867	867	HMS
0	87	0.3539	1	4.5157E+07	6.9555E+06	98.5118	915.8	893	893	HMS
0	88	0.3644	1	4.2021E+07	6.7856E+06	98.5118	997.7	873	873	HMS
0	89	0.3748	1	4.4544E+07	6.655E+06	98.5118	930.1	916	916	HMS
0	90	0.3853	1	4.3157E+07	6.7193E+06	98.5118	882	842	842	HMS
0	91	0.3958	1	4.2397E+07	6.6907E+06	98.5118	954.1	854	854	HMS
0	92	0.4062	1	4.6744E+07	6.7433E+06	98.5118	934.3	955	955	HMS
0	93	0.4167	1	4.1653E+07	6.1725E+06	98.5118	887	905	905	HMS
0	94	0.4255	2	14119	5663.7	200.2376	5.814	2	8	HCD-HMSn
0	95	0.4280	2	17480	3762.8	94.065	4.203	2	15	HCD-HMSn
0	96	0.4300	1	4.0226E+07	6.1536E+06	98.5118	910.4	873	873	HMS
0	97	0.4404	1	4.1616E+07	6.3382E+06	98.5118	918.1	881	881	HMS
0	98	0.4509	1	4.1954E+07	5.8838E+06	98.5118	843	911	911	HMS
0	99	0.4614	1	4.304E+07	6.3001E+06	98.5118	878.1	913	913	HMS
0	100	0.4718	1	4.4289E+07	6.3195E+06	98.5118	951	973	973	HMS
0	101	0.4823	1	4.1609E+07	6.0915E+06	98.5118	875.5	902	902	HMS
0	102	0.4928	1	4.1732E+07	5.9831E+06	98.5118	916.7	937	937	HMS
0	103	0.5032	1	4.0419E+07	6.0181E+06	98.5118	872.4	900	900	HMS
0	104	0.5137	1	4.1804E+07	6.1759E+06	98.5118	862.8	891	891	HMS
0	105	0.5224	2	187698	52405	87.004	6.958	5	10	HCD-HMSn
0	106	0.5247	1	4.0288E+07	5.7571E+06	98.5118	806.4	888	888	HMS
0	107	0.5335	2	894448	613439	72.9372	53.99	3	10	HCD-HMSn
0	108	0.5353	2	231164	86560	113.9637	39.12	5	20	HCD-HMSn
0	109	0.5375	2	676889	143685	128.9507	33.72	14	39	HCD-HMSn
0	110	0.5396	1	3.9524E+07	5.6064E+06	113.9635	775.4	880	880	HMS
0	111	0.5483	2	83900	14635	105.0033	12.59	12	32	HCD-HMSn
0	112	0.5508	2	2.3087E+06	700522	113.9636	167.9	15	58	HCD-HMSn
0	113	0.5533	2	68903	25112	74.9377	22.2	3	18	HCD-HMSn
0	114	0.5553	1	3.8717E+07	5.6362E+06	98.5118	804.6	896	896	HMS
0	115	0.5641	2	148976	32100	125.961	27.68	8	17	HCD-HMSn
0	116	0.5666	2	172274	48991	113.9637	33.51	9	26	HCD-HMSn
0	117	0.5691	2	177172	64831	113.9637	34.04	5	26	HCD-HMSn
0	118	0.5711	1	3.844E+07	5.4545E+06	98.5118	783.2	869	869	HMS
0	119	0.5799	2	295282	190547	118.0862	118.7	8	18	HCD-HMSn
0	120	0.5823	2	101618	29093	55.9346	19.94	5	21	HCD-HMSn
0	121	0.5848	2	51188	22390	70.9418	21.35	4	13	HCD-HMSn
0	122	0.5860	2	160494	44714	56.9424	9.401	4	14	HCD-HMSn
0	123	0.5872	2	163128	38946	98.9842	6.695	5	13	HCD-HMSn
0	124	0.5893	1	3.9896E+07	5.5962E+06	98.5118	795.2	922	922	HMS
0	125	0.5980	2	303948	147936	125.0025	106.6	10	26	HCD-HMSn
0	126	0.6005	2	159475	57473	171.149	30.2	6	15	HCD-HMSn
0	127	0.6030	2	56099	25508	84.9597	21.1	4	14	HCD-HMSn
0	128	0.6051	1	3.787E+07	5.6355E+06	98.5118	801.6	873	873	HMS
0	129	0.6138	2	54723	18084	140.0683	13.35	4	13	HCD-HMSn
0	130	0.6163	2	244672	92324	88.0042	48.1	12	36	HCD-HMSn
0	131	0.6188	2	253590	170130	118.0862	75.6	5	15	HCD-HMSn
0	132	0.6213	2	41180	10390	72.9371	10.88	5	14	HCD-HMSn
0	133	0.6233	1	3.7362E+07	5.1911E+06	98.5118	744.2	847	847	HMS
0	134	0.6321	2	97898	36814	84.9597	34.94	4	14	HCD-HMSn
0	135	0.6345	2	162935	79124	88.0757	43.75	5	24	HCD-HMSn
0	136	0.6358	2	173022	45832	56.9425	13.03	5	18	HCD-HMSn
0	137	0.6379	1	3.8266E+07	5.3958E+06	98.5118	758.8	897	897	HMS
0	138	0.6466	2	62677	40074	156.042	35.07	3	14	HCD-HMSn
0	139	0.6491	2	20022	8365.7	122.0192	8.811	2	12	HCD-HMSn
0	140	0.6516	2	83145	39795	148.9769	23.55	6	15	HCD-HMSn
0	141	0.6541	2	131055	103103	170.0963	97.09	5	16	HCD-HMSn
0	142	0.6561	1	3.9185E+07	5.5617E+06	98.5118	794.2	907	907	HMS
0	143	0.6649	2	91382	26928	71.0855	23.13	4	16	HCD-HMSn
0	144	0.6674	2	7858.9	2523.2	123.9656	1.956	0	5	HCD-HMSn
0	145	0.6694	1	3.9215E+07	5.176E+06	98.5119	696.1	885	885	HMS
0	146	0.6782	2	158425	76505	71.0291	38.88	6	24	HCD-HMSn
0	147	0.6807	2	175215	71354	56.965	31	6	17	HCD-HMSn
0	148	0.6832	2	118604	81449	261.1846	76.56	4	16	HCD-HMSn
0	149	0.6857	2	102311	11324	88.0215	8.034	9	32	HCD-HMSn
0	150	0.6882	2	42052	17924	149.0233	18.78	3	18	HCD-HMSn
0	151	0.6902	1	3.6443E+07	5.1163E+06	98.5118	758.6	881	881	HMS
0	152	0.6990	2	94811	72919	122.0964	77.39	3	19	HCD-HMSn
0	153	0.7014	2	91622	62833	97.0076	66.19	3	13	HCD-HMSn
0	154	0.7039	2	8562.4	1845.7	114.9654	1.906	0	7	HCD-HMSn
0	155	0.7059	1	3.8483E+07	5.2172E+06	98.5118	765.6	943	943	HMS
0	156	0.7147	2	45553	19624	97.0077	10.58	4	13	HCD-HMSn
0	157	0.7172	2	91862	67386	235.1691	67.02	3	11	HCD-HMSn
0	158	0.7192	1	3.9012E+07	5.3631E+06	98.5119	770.1	926	926	HMS
0	159	0.7280	2	17104	1766	78.9305	1.918	0	16	HCD-HMSn
0	160	0.7305	2	128808	18960	113.9637	13.63	16	42	HCD-HMSn
0	161	0.7330	2	6970.2	1764.1	85.0068	2.035	1	6	HCD-HMSn
0	162	0.7354	2	79377	21405	98.9841	16.3	7	19	HCD-HMSn
0	163	0.7379	2	33447	5599.3	128.9507	5.6	4	19	HCD-HMSn
0	164	0.7404	2	85728	27027	71.9293	16.59	4	17	HCD-HMSn
0	165	0.7425	1	3.9959E+07	5.0486E+06	113.9635	722.3	931	931	HMS
0	166	0.7512	2	33440	18683	149.0233	16.7	1	13	HCD-HMSn
0	167	0.7548	2	379818	115412	105.0033	40.92	11	23	HCD-HMSn
0	168	0.7573	2	31273	16229	149.0232	16.32	2	10	HCD-HMSn
0	169	0.7598	2	104917	70297	122.0964	40.08	4	16	HCD-HMSn
0	170	0.7618	1	8.8616E+07	6.6215E+06	113.9633	770.1	1154	1154	HMS
0	171	0.7723	1	1.5234E+08	1.1014E+07	110.0081	1070	1281	1281	HMS
0	172	0.7810	2	2.2713E+06	905577	128.0192	78.8	9	21	HCD-HMSn
0	173	0.7831	2	81373	32051	100.0243	14.02	5	10	HCD-HMSn
0	174	0.7843	2	1.9538E+06	1.0929E+06	56.965	99.26	6	17	HCD-HMSn
0	175	0.7859	2	99251	21072	88.5031	5.971	4	17	HCD-HMSn
0	176	0.7882	2	765007	548283	105.9629	260.4	16	52	HCD-HMSn
0	177	0.7907	2	102301	63699	84.9597	57.92	6	20	HCD-HMSn
0	178	0.7923	2	837383	375754	72.0278	34.64	6	30	HCD-HMSn
0	179	0.7935	2	4.1365E+06	1.8443E+06	71.0291	43.2	9	25	HCD-HMSn
0	180	0.7955	1	9.558E+07	5.3995E+06	82.5368	623.7	1227	1227	HMS
0	181	0.8043	2	32722	12274	84.9596	11.16	3	15	HCD-HMSn
0	182	0.8067	2	160223	89740	107.9598	60.8	6	29	HCD-HMSn
0	183	0.8092	2	201835	136743	97.0076	128.4	6	16	HCD-HMSn
0	184	0.8117	2	161214	82406	122.0192	68.32	7	19	HCD-HMSn
0	185	0.8142	2	43948	9555.7	106.004	6.526	5	17	HCD-HMSn
0	186	0.8167	2	66531	23717	70.9418	12.15	4	14	HCD-HMSn
0	187	0.8191	2	201041	99604	97.0077	69.58	6	18	HCD-HMSn
0	188	0.8216	2	30870	15099	109.9586	14.32	2	12	HCD-HMSn
0	189	0.8237	1	4.4062E+07	5.1337E+06	98.5118	737.4	1060	1060	HMS
0	190	0.8324	2	15213	2756.4	105.9628	2.85	1	12	HCD-HMSn
0	191	0.8349	2	157258	93708	97.0077	46.42	5	14	HCD-HMSn
0	192	0.8374	2	23195	3366	84.0806	3.415	2	19	HCD-HMSn
0	193	0.8398	2	73919	18049	88.0042	15.6	7	19	HCD-HMSn
0	194	0.8423	2	1.727E+06	444729	175.1188	143.6	13	32	HCD-HMSn
0	195	0.8448	2	28100	5238	89.002	5.053	3	18	HCD-HMSn
0	196	0.8473	2	26548	8779.6	84.0808	6.922	3	11	HCD-HMSn
0	197	0.8498	2	179258	52674	363.0287	32.97	11	24	HCD-HMSn
0	198	0.8519	1	4.5774E+07	3.0612E+06	175.1185	426.6	1116	1116	HMS
0	199	0.8606	2	563590	332390	110.0712	84.1	7	16	HCD-HMSn
0	200	0.8632	2	55014	10682	288.9214	8.392	6	14	HCD-HMSn
0	201	0.8657	2	207870	61743	242.9252	49.53	6	19	HCD-HMSn
0	202	0.8681	2	5.7949E+06	4.0683E+06	104.1068	1008	11	30	HCD-HMSn
0	203	0.8706	2	672536	167606	151.9833	66.12	14	36	HCD-HMSn
0	204	0.8730	2	599161	533704	90.9766	488.2	3	7	HCD-HMSn
0	205	0.8755	2	67638	30756	88.0042	20.8	2	17	HCD-HMSn
0	206	0.8780	2	106018	50700	164.128	24.64	4	19	HCD-HMSn
0	207	0.8801	1	8.1263E+07	3.9683E+07	104.1065	4467	876	876	HMS
0	208	0.8888	2	213079	55873	153.9789	21.87	8	23	HCD-HMSn
0	209	0.8913	2	170747	76336	97.0076	59.48	5	15	HCD-HMSn
0	210	0.8938	2	186806	116838	172.0942	41.27	3	15	HCD-HMSn
0	211	0.8950	2	8.1432E+06	5.6547E+06	104.1069	227.4	5	18	HCD-HMSn
0	212	0.8971	2	664165	207023	87.004	76.78	16	37	HCD-HMSn
0	213	0.8996	2	1.312E+07	3.8684E+06	151.9829	422.4	22	60	HCD-HMSn
0	214	0.9021	2	381386	124910	150.1123	53.41	12	49	HCD-HMSn
0	215	0.9046	2	80340	20707	149.0231	15.93	8	23	HCD-HMSn
0	216	0.9065	1	2.284E+08	6.4066E+07	241.0296	3832	899	899	HMS
0	217	0.9153	2	113824	42828	171.149	40.53	5	15	HCD-HMSn
0	218	0.9178	2	15170	9578.9	87.044	9.763	2	4	HCD-HMSn
0	219	0.9203	2	28140	12125	69.0335	12.61	4	9	HCD-HMSn
0	220	0.9215	2	9.8788E+06	8.2855E+06	367.1205	618.2	7	16	HCD-HMSn
0	221	0.9228	2	2.4689E+06	1.5069E+06	84.0444	277.2	6	18	HCD-HMSn
0	222	0.9241	2	1.0154E+06	471223	75.0207	111.4	6	14	HCD-HMSn
0	223	0.9259	2	2.4507E+06	1.2106E+06	84.0444	261.1	7	21	HCD-HMSn
0	224	0.9278	2	124833	107299	91.0582	27.57	1	5	HCD-HMSn
0	225	0.9296	1	6.8472E+08	2.2709E+08	90.0544	4269	509	509	HMS
0	226	0.9384	2	7.0625E+06	6.0298E+06	84.0444	101	2	6	HCD-HMSn
0	227	0.9409	2	127265	41219	116.0706	28.97	6	20	HCD-HMSn
0	228	0.9434	2	14739	2564.4	61.8587	2.268	1	11	HCD-HMSn
0	229	0.9446	2	3.9479E+07	1.1412E+07	183.0862	111.7	16	38	HCD-HMSn
0	230	0.9458	2	1.9904E+07	9.4132E+06	74.0236	225.9	8	32	HCD-HMSn
0	231	0.9470	2	4.1166E+07	2.4216E+07	148.0601	467.5	14	36	HCD-HMSn
0	232	0.9482	2	7.1785E+06	2.1075E+06	69.0335	19.78	9	28	HCD-HMSn
0	233	0.9494	2	4.2002E+06	2.7352E+06	84.0444	346.7	4	13	HCD-HMSn
0	234	0.9511	1	8.2149E+08	1.7081E+08	148.0594	2005	405	405	HMS
0	235	0.9599	2	1.1776E+06	766104	135.0548	84.71	7	24	HCD-HMSn
0	236	0.9612	2	1.1761E+06	417968	84.0444	38.62	9	27	HCD-HMSn
0	237	0.9624	2	5.2452E+06	979967	183.0862	65.51	16	38	HCD-HMSn
0	238	0.9636	2	1.763E+06	290065	83.0491	17.76	12	29	HCD-HMSn
0	239	0.9648	2	677591	155753	85.0477	9.304	7	17	HCD-HMSn
0	240	0.9660	2	6.0678E+06	1.5126E+06	69.0335	39.7	17	46	HCD-HMSn
0	241	0.9677	2	806388	256598	69.0335	31.26	11	31	HCD-HMSn
0	242	0.9691	2	1.3876E+06	433871	83.0491	105.4	10	29	HCD-HMSn
0	243	0.9709	1	5.6916E+08	7.6957E+07	183.0853	1529	612	612	HMS
0	244	0.9797	2	1.7273E+06	1.1072E+06	83.0491	142.5	4	17	HCD-HMSn
0	245	0.9817	2	566974	187640	183.0862	55.15	11	30	HCD-HMSn
0	246	0.9838	2	127479	52509	75.03	28.56	6	17	HCD-HMSn
0	247	0.9850	2	5.6302E+06	2.9112E+06	105.0738	38.04	7	14	HCD-HMSn
0	248	0.9862	2	896592	156353	70.0369	18.15	13	41	HCD-HMSn
0	249	0.9875	2	2.6667E+06	2.041E+06	88.0215	258.5	6	21	HCD-HMSn
0	250	0.9889	2	217845	85654	61.0508	24.15	5	11	HCD-HMSn
0	251	0.9903	2	281029	100935	69.0335	17.63	4	12	HCD-HMSn
0	252	0.9921	1	5.3113E+08	1.5325E+08	162.0751	3413	792	792	HMS
0	253	1.0009	2	2.0216E+06	1.1741E+06	84.0444	99.42	4	10	HCD-HMSn
0	254	1.0034	2	192017	83327	183.0862	35.95	6	20	HCD-HMSn
0	255	1.0059	2	139425	77959	81.0335	54.15	2	13	HCD-HMSn
0	256	1.0071	2	1.2991E+07	2.2698E+06	260.022	71.43	33	77	HCD-HMSn
0	257	1.0083	2	3.09E+07	1.9974E+07	169.0353	607.5	14	31	HCD-HMSn
0	258	1.0094	2	500031	269960	88.0216	49.92	4	13	HCD-HMSn
0	259	1.0108	2	617462	154393	85.0284	15.06	5	17	HCD-HMSn
0	260	1.0121	2	2.8003E+06	812816	120.0114	93.77	15	35	HCD-HMSn
0	261	1.0138	1	1.3618E+09	6.1954E+08	124.0385	6245	480	480	HMS
0	262	1.0227	2	303901	79536	296.0432	24.98	8	38	HCD-HMSn
0	263	1.0249	2	447938	56509	103.0212	20.72	18	50	HCD-HMSn
0	264	1.0274	2	29348	3515.6	132.1017	2.831	3	18	HCD-HMSn
0	265	1.0286	2	1.5427E+08	4.4632E+07	104.0528	153.9	12	27	HCD-HMSn
0	266	1.0298	2	1.7578E+07	6.283E+06	87.0263	31	6	24	HCD-HMSn
0	267	1.0310	2	6.8048E+06	3.8881E+06	113.0345	201.5	4	14	HCD-HMSn
0	268	1.0321	2	4.6217E+06	3.0094E+06	61.0108	180.1	3	11	HCD-HMSn
0	269	1.0333	2	1.2466E+07	1.0872E+07	86.0963	643.8	12	31	HCD-HMSn
0	270	1.0350	1	1.5853E+09	6.0238E+08	124.0386	4488	496	496	HMS
0	271	1.0438	2	382176	80068	120.0114	17.79	9	34	HCD-HMSn
0	272	1.0455	2	204410	160841	113.0345	82.9	3	18	HCD-HMSn
0	273	1.0479	2	107652	57342	110.06	53.95	5	14	HCD-HMSn
0	274	1.0491	2	904745	319728	86.0963	5.115	1	10	HCD-HMSn
0	275	1.0503	2	6.5694E+06	2.9013E+06	175.0864	107.5	10	31	HCD-HMSn
0	276	1.0515	2	8.5999E+06	5.4181E+06	177.0544	434.8	9	28	HCD-HMSn
0	277	1.0528	2	1.5583E+06	440453	113.9637	49.58	14	34	HCD-HMSn
0	278	1.0541	2	663506	120811	120.0114	34	10	27	HCD-HMSn
0	279	1.0559	1	6.6484E+08	4.1886E+08	124.0387	6119	543	543	HMS
0	280	1.0647	2	350826	151924	203.0814	77.07	10	36	HCD-HMSn
0	281	1.0665	2	199391	165462	215.0161	67.25	3	12	HCD-HMSn
0	282	1.0691	2	99274	37893	132.1019	26.56	7	14	HCD-HMSn
0	283	1.0703	2	3.6861E+06	1.6431E+06	175.0865	72.01	10	32	HCD-HMSn
0	284	1.0726	2	900736	186027	105.002	80.44	29	70	HCD-HMSn
0	285	1.0749	2	1.2335E+06	376420	113.9636	152.1	20	63	HCD-HMSn
0	286	1.0767	2	1.8116E+06	701869	295.0935	223	15	47	HCD-HMSn
0	287	1.0792	2	341324	48306	88.0393	26.43	14	34	HCD-HMSn
0	288	1.0810	1	4.9877E+08	3.1406E+08	124.0386	7072	635	635	HMS
0	289	1.0899	2	467768	335562	295.0934	217	4	16	HCD-HMSn
0	290	1.0923	2	242880	156838	120.0443	80.46	5	31	HCD-HMSn
0	291	1.0947	2	545806	118480	176.09	49.17	22	58	HCD-HMSn
0	292	1.0963	2	399153	121343	129.0181	41.61	7	25	HCD-HMSn
0	293	1.0982	2	2.6622E+06	677501	120.0113	148.4	20	51	HCD-HMSn
0	294	1.0994	2	1.6765E+06	341261	69.0335	31.91	18	61	HCD-HMSn
0	295	1.1019	2	241490	123246	68.9971	52.91	4	21	HCD-HMSn
0	296	1.1044	2	1.704E+06	999182	157.0241	562.5	14	44	HCD-HMSn
0	297	1.1062	1	3.6395E+08	1.9228E+08	124.0386	7117	838	838	HMS
0	298	1.1150	2	1.1287E+06	1.0635E+06	98.9841	445.1	6	13	HCD-HMSn
0	299	1.1175	2	937179	123405	201.0518	35.72	37	121	HCD-HMSn
0	300	1.1200	2	542578	110731	129.0182	49.58	16	43	HCD-HMSn
0	301	1.1214	2	9.3039E+06	6.3403E+06	157.0241	493	12	30	HCD-HMSn
0	302	1.1239	2	276021	51593	120.0113	22.17	13	33	HCD-HMSn
0	303	1.1264	2	60823	40451	90.055	36.11	1	17	HCD-HMSn
0	304	1.1289	2	290988	119664	129.0181	56.45	8	28	HCD-HMSn
0	305	1.1314	2	371674	48794	201.0518	18.63	17	84	HCD-HMSn
0	306	1.1333	1	2.642E+08	1.0389E+08	124.0387	5146	878	878	HMS
0	307	1.1421	2	126382	55233	72.9371	47.46	6	19	HCD-HMSn
0	308	1.1446	2	64738	13706	69.0335	9.97	5	23	HCD-HMSn
0	309	1.1471	2	187139	52171	171.1491	33.42	8	20	HCD-HMSn
0	310	1.1496	2	338825	152346	68.9971	65.23	10	25	HCD-HMSn
0	311	1.1520	2	63416	32129	76.0385	27.2	3	8	HCD-HMSn
0	312	1.1545	2	337424	135916	170.9412	32.55	8	17	HCD-HMSn
0	313	1.1570	2	25780	9267	61.0286	9.728	2	10	HCD-HMSn
0	314	1.1593	2	118535	90542	98.9842	52.47	1	16	HCD-HMSn
0	315	1.1613	1	1.4505E+08	6.1816E+07	124.0387	4942	857	857	HMS
0	316	1.1701	2	48844	6908.7	121.0479	4.297	3	22	HCD-HMSn
0	317	1.1727	2	312094	279626	367.1207	209.4	3	11	HCD-HMSn
0	318	1.1752	2	41135	21694	85.0284	14.39	2	11	HCD-HMSn
0	319	1.1777	2	483881	239864	241.8757	192.7	7	25	HCD-HMSn
0	320	1.1802	2	368275	172549	182.8388	78.79	7	21	HCD-HMSn
0	321	1.1827	2	234153	120955	188.0705	73.96	7	18	HCD-HMSn
0	322	1.1852	2	131739	71667	88.0757	47.62	3	15	HCD-HMSn
0	323	1.1877	2	377598	97205	113.9637	59.55	14	46	HCD-HMSn
0	324	1.1896	1	2.29E+08	1.387E+08	124.0386	7875	868	868	HMS
0	325	1.1984	2	281070	75465	261.1847	33.15	14	50	HCD-HMSn
0	326	1.2009	2	125761	79527	170.0962	56.21	4	20	HCD-HMSn
0	327	1.2034	2	137769	45620	171.149	42.86	6	18	HCD-HMSn
0	328	1.2059	2	186088	35835	157.013	18.25	11	36	HCD-HMSn
0	329	1.2084	2	221271	62839	261.1845	25.64	12	40	HCD-HMSn
0	330	1.2109	2	222802	115247	146.0599	72.42	5	17	HCD-HMSn
0	331	1.2133	2	175551	43272	201.0517	21.58	9	40	HCD-HMSn
0	332	1.2159	2	246139	38951	206.9585	14.93	13	43	HCD-HMSn
0	333	1.2177	1	4.0074E+08	2.5558E+08	124.0386	8466	600	600	HMS
0	334	1.2265	2	93254	37993	87.004	17.07	5	19	HCD-HMSn
0	335	1.2289	2	54052	17744	142.0038	10.68	3	14	HCD-HMSn
0	336	1.2314	2	24017	5841.9	259.0687	5.323	2	14	HCD-HMSn
0	337	1.2332	2	3.8235E+06	714169	105.0565	84.21	21	49	HCD-HMSn
0	338	1.2357	2	222763	120631	150.0583	89.18	6	21	HCD-HMSn
0	339	1.2372	2	2.8946E+06	561253	105.0565	55.65	20	41	HCD-HMSn
0	340	1.2384	2	9.9328E+06	7.8528E+06	124.0394	51.84	3	10	HCD-HMSn
0	341	1.2396	2	9.6899E+06	7.6341E+06	124.0393	44.41	3	10	HCD-HMSn
0	342	1.2413	1	9.86E+08	4.9149E+08	132.1011	5737	456	456	HMS
0	343	1.2501	2	36085	28510	80.0495	30.09	1	9	HCD-HMSn
0	344	1.2513	2	168299	98494	87.0997	16.06	1	12	HCD-HMSn
0	345	1.2525	2	5.2686E+06	4.494E+06	124.0393	404	6	19	HCD-HMSn
0	346	1.2539	2	743392	606819	146.0599	172.7	5	16	HCD-HMSn
0	347	1.2555	2	55072	32558	197.0055	16.19	2	11	HCD-HMSn
0	348	1.2572	2	36349	5115.5	86.0964	2.375	1	15	HCD-HMSn
0	349	1.2591	2	3.7125E+06	1.2473E+06	158.0598	222.6	15	36	HCD-HMSn
0	350	1.2609	2	160537	107012	203.0814	51.38	3	16	HCD-HMSn
0	351	1.2626	1	7.0832E+08	2.1498E+08	132.1012	3493	571	571	HMS
0	352	1.2714	2	525147	161895	87.0997	11.73	4	17	HCD-HMSn
0	353	1.2739	2	109420	13429	260.0219	8.109	10	36	HCD-HMSn
0	354	1.2764	2	57275	18084	73.0284	14.94	5	17	HCD-HMSn
0	355	1.2784	2	410944	250595	192.0515	87.28	9	28	HCD-HMSn
0	356	1.2809	2	977606	109153	296.9689	32.37	28	88	HCD-HMSn
0	357	1.2834	2	702518	388435	130.0651	243	8	25	HCD-HMSn
0	358	1.2855	2	647448	282703	158.0599	84.82	11	28	HCD-HMSn
0	359	1.2880	2	441843	116245	129.0546	53.59	13	31	HCD-HMSn
0	360	1.2900	1	2.7923E+08	2.0333E+07	124.0386	1078	1316	1316	HMS
0	361	1.2988	2	8.9499E+06	7.6024E+06	124.0392	494.2	6	18	HCD-HMSn
0	362	1.3013	2	252662	79814	188.0705	45.64	8	31	HCD-HMSn
0	363	1.3037	2	230338	37859	124.9882	16.66	15	51	HCD-HMSn
0	364	1.3049	2	3.9131E+06	1.5217E+06	112.0098	139	21	58	HCD-HMSn
0	365	1.3070	2	474356	120538	84.0444	27.88	10	33	HCD-HMSn
0	366	1.3093	2	70176	26146	149.0231	16.02	5	21	HCD-HMSn
0	367	1.3115	2	1.0634E+06	274276	220.9741	86.94	21	76	HCD-HMSn
0	368	1.3140	2	337218	53601	168.0177	23.6	17	45	HCD-HMSn
0	369	1.3160	1	2.2316E+08	2.1678E+07	205.0958	1504	1458	1458	HMS
0	370	1.3248	2	412652	327357	68.9971	73.84	4	12	HCD-HMSn
0	371	1.3273	2	91471	28010	131.0685	17.11	6	30	HCD-HMSn
0	372	1.3298	2	99991	17987	195.9894	10.38	7	31	HCD-HMSn
0	373	1.3313	2	1.0503E+06	671282	229.0316	205.9	7	17	HCD-HMSn
0	374	1.3332	2	252559	75856	119.0339	42.77	7	21	HCD-HMSn
0	375	1.3350	2	697529	207217	174.9687	54.83	16	41	HCD-HMSn
0	376	1.3374	2	741436	338629	143.0337	124.1	17	46	HCD-HMSn
0	377	1.3398	2	1.083E+06	681609	120.0444	233.6	6	27	HCD-HMSn
0	378	1.3419	1	1.8368E+08	2.3608E+07	205.0959	1885	1472	1472	HMS
0	379	1.3507	2	818436	267983	143.0338	71.17	20	52	HCD-HMSn
0	380	1.3531	2	35858	10844	147.0638	8.085	4	11	HCD-HMSn
0	381	1.3556	2	455087	118070	119.0339	58.74	11	41	HCD-HMSn
0	382	1.3581	2	1.1636E+06	674417	172.9724	297	14	47	HCD-HMSn
0	383	1.3606	2	1.1425E+06	292049	229.097	127	21	59	HCD-HMSn
0	384	1.3631	2	467633	331630	146.0599	108.4	3	7	HCD-HMSn
0	385	1.3656	2	59962	6436.4	112.0098	4.414	7	28	HCD-HMSn
0	386	1.3669	2	1.1509E+06	420535	229.097	86.53	5	20	HCD-HMSn
0	387	1.3689	1	1.6714E+08	2.9672E+07	205.096	2352	1474	1474	HMS
0	388	1.3777	2	71240	12315	68.9971	11.24	10	24	HCD-HMSn
0	389	1.3802	2	42121	22315	289.0795	17.6	2	13	HCD-HMSn
0	390	1.3826	2	2.0039E+06	758641	147.0633	158.2	15	40	HCD-HMSn
0	391	1.3851	2	187834	76789	225.0391	41.31	8	33	HCD-HMSn
0	392	1.3876	2	513408	312604	188.0704	212	8	22	HCD-HMSn
0	393	1.3899	2	1.0418E+06	586293	118.0862	282.7	8	17	HCD-HMSn
0	394	1.3924	2	91415	37634	93.0367	28.79	7	17	HCD-HMSn
0	395	1.3949	2	575107	185913	159.0915	86.32	17	47	HCD-HMSn
0	396	1.3969	1	1.6541E+08	2.968E+07	205.0959	2365	1428	1428	HMS
0	397	1.4057	2	551479	163870	159.0915	92.9	17	56	HCD-HMSn
0	398	1.4082	2	91379	29818	191.0636	23.61	4	12	HCD-HMSn
0	399	1.4107	2	153642	110633	144.0807	95.19	6	20	HCD-HMSn
0	400	1.4132	2	153395	13637	104.9634	7.387	15	42	HCD-HMSn
0	401	1.4157	2	55670	7280.5	110.0599	6.972	8	23	HCD-HMSn
0	402	1.4181	2	835949	750451	131.0686	275.3	7	23	HCD-HMSn
0	403	1.4200	2	866490	215679	139.0026	32.6	12	33	HCD-HMSn
0	404	1.4216	2	1.5287E+06	793153	189.0739	157.2	10	26	HCD-HMSn
0	405	1.4237	1	1.5903E+08	2.5956E+07	205.096	2250	1319	1319	HMS
0	406	1.4324	2	388539	157442	87.004	25.36	7	21	HCD-HMSn
0	407	1.4344	2	1.1918E+06	1.003E+06	367.1208	544.8	7	22	HCD-HMSn
0	408	1.4359	2	392126	162505	86.0964	49.99	6	23	HCD-HMSn
0	409	1.4384	2	1.1978E+06	249369	94.0651	103.1	17	42	HCD-HMSn
0	410	1.4409	2	454999	284571	89.0597	107.1	10	22	HCD-HMSn
0	411	1.4434	2	979659	760458	120.0808	210.1	9	31	HCD-HMSn
0	412	1.4459	2	591805	575830	217.1045	520.5	1	14	HCD-HMSn
0	413	1.4483	2	269071	147939	120.0808	101	8	22	HCD-HMSn
0	414	1.4504	1	1.6705E+08	2.5127E+07	205.096	1935	1305	1305	HMS
0	415	1.4591	2	6.9311E+06	6.5701E+06	130.0651	259.6	3	11	HCD-HMSn
0	416	1.4616	2	21049	4747.2	91.0583	4.649	3	12	HCD-HMSn
0	417	1.4641	2	84515	26607	87.0263	19.99	7	20	HCD-HMSn
0	418	1.4666	2	375139	97499	146.0599	49.6	15	55	HCD-HMSn
0	419	1.4691	2	468367	289872	146.0599	210.6	8	30	HCD-HMSn
0	420	1.4711	2	271825	205021	131.0686	86.23	7	16	HCD-HMSn
0	421	1.4736	2	39003	20985	211.0213	17.29	2	15	HCD-HMSn
0	422	1.4761	2	359936	320944	231.0837	265.6	3	27	HCD-HMSn
0	423	1.4782	1	1.4646E+08	2.3812E+07	205.0961	2083	1393	1393	HMS
0	424	1.4869	2	61586	33574	84.0444	33.81	4	12	HCD-HMSn
0	425	1.4894	2	48910	14994	130.0652	8.82	4	15	HCD-HMSn
0	426	1.4919	2	134938	27791	69.0335	14.87	7	42	HCD-HMSn
0	427	1.4944	2	307803	59280	103.039	21.1	12	35	HCD-HMSn
0	428	1.4969	2	142028	51293	131.9936	33.41	5	24	HCD-HMSn
0	429	1.4987	2	1.3232E+06	672424	189.0739	145.5	11	32	HCD-HMSn
0	430	1.5012	2	27661	7659.8	147.0638	7.252	4	10	HCD-HMSn
0	431	1.5036	2	138497	48478	84.0444	13.9	3	13	HCD-HMSn
0	432	1.5057	1	1.7125E+08	2.3252E+07	205.0959	1845	1326	1326	HMS
0	433	1.5144	2	946482	559855	118.0862	208.1	6	19	HCD-HMSn
0	434	1.5169	2	353049	59646	69.0335	17.45	15	53	HCD-HMSn
0	435	1.5183	2	857220	706461	68.9971	111.9	3	12	HCD-HMSn
0	436	1.5208	2	1.2216E+06	969112	195.0109	397.4	10	36	HCD-HMSn
0	437	1.5233	2	471593	186126	188.0705	55.67	6	31	HCD-HMSn
0	438	1.5258	2	173867	26504	113.9637	15.49	14	53	HCD-HMSn
0	439	1.5283	2	165121	38870	140.006	25.46	10	43	HCD-HMSn
0	440	1.5308	2	128957	36106	113.9637	22.23	10	27	HCD-HMSn
0	441	1.5329	1	1.5648E+08	2.7231E+07	205.096	2296	1446	1446	HMS
0	442	1.5416	2	311285	86871	125.0025	38.5	9	36	HCD-HMSn
0	443	1.5441	2	120580	45945	84.0444	34.5	5	17	HCD-HMSn
0	444	1.5466	2	55854	16798	255.0158	13.12	4	23	HCD-HMSn
0	445	1.5491	2	230487	106421	84.0444	67.74	6	17	HCD-HMSn
0	446	1.5516	2	251127	200086	271.1075	143	4	25	HCD-HMSn
0	447	1.5541	2	288684	209637	110.0362	119.7	7	26	HCD-HMSn
0	448	1.5566	2	261930	49545	69.0335	23.57	16	49	HCD-HMSn
0	449	1.5589	2	130121	43796	88.0042	23.09	10	23	HCD-HMSn
0	450	1.5609	1	1.141E+08	2.3286E+07	205.0962	2173	1321	1321	HMS
0	451	1.5697	2	350905	162355	175.0864	57.76	8	24	HCD-HMSn
0	452	1.5711	2	196815	96465	86.0964	28.13	5	16	HCD-HMSn
0	453	1.5736	2	31575	14280	86.0964	12.97	3	10	HCD-HMSn
0	454	1.5761	2	58714	17801	87.0263	13.51	5	15	HCD-HMSn
0	455	1.5786	2	74414	22598	84.0444	20.84	4	17	HCD-HMSn
0	456	1.5810	2	35101	10508	74.9377	10.06	4	13	HCD-HMSn
0	457	1.5835	2	122027	41466	183.9817	22.65	5	24	HCD-HMSn
0	458	1.5860	2	61546	16273	97.0076	8.286	6	15	HCD-HMSn
0	459	1.5880	1	1.0791E+08	2.3511E+07	205.0963	2238	1391	1391	HMS
0	460	1.5968	2	178662	45750	113.9637	35.92	13	32	HCD-HMSn
0	461	1.5993	2	31667	11137	70.9418	9.842	3	12	HCD-HMSn
0	462	1.6018	2	56701	11714	55.9346	7.629	4	17	HCD-HMSn
0	463	1.6043	2	293781	87119	113.9636	36.77	12	38	HCD-HMSn
0	464	1.6068	2	100330	34944	113.9637	21.36	4	24	HCD-HMSn
0	465	1.6092	2	86532	66880	122.0964	31.34	2	10	HCD-HMSn
0	466	1.6117	2	61631	18966	84.0444	18.94	5	17	HCD-HMSn
0	467	1.6137	2	170986	81926	86.0964	40	5	18	HCD-HMSn
0	468	1.6157	1	1.0969E+08	2.2766E+07	205.0963	2145	1385	1385	HMS
0	469	1.6245	2	488712	289035	68.9971	199.1	5	14	HCD-HMSn
0	470	1.6270	2	299247	81527	139.0025	54.87	9	37	HCD-HMSn
0	471	1.6295	2	55114	11348	227.0789	10.12	7	26	HCD-HMSn
0	472	1.6320	2	227647	61131	90.9477	30.97	7	24	HCD-HMSn
0	473	1.6345	2	33738	11410	120.0445	8.256	3	11	HCD-HMSn
0	474	1.6369	2	495267	121568	159.0915	55.44	16	50	HCD-HMSn
0	475	1.6383	2	1.0636E+06	898002	124.0393	300.1	4	15	HCD-HMSn
0	476	1.6408	2	56959	37400	100.0756	28.08	3	13	HCD-HMSn
0	477	1.6428	1	1.2906E+08	1.988E+07	205.0962	1823	1277	1277	HMS
0	478	1.6516	2	422725	228221	72.9371	102.3	7	21	HCD-HMSn
0	479	1.6541	2	110613	31793	71.0856	28.9	4	25	HCD-HMSn
0	480	1.6566	2	114853	52340	71.0291	30.86	7	26	HCD-HMSn
0	481	1.6591	2	541253	329751	125.0233	261.9	6	28	HCD-HMSn
0	482	1.6616	2	416041	124062	170.9736	62.78	15	54	HCD-HMSn
0	483	1.6641	2	473565	169076	175.0865	70.71	12	29	HCD-HMSn
0	484	1.6666	2	19190	5983.4	227.0784	5.713	2	12	HCD-HMSn
0	485	1.6691	2	22390	6767.7	145.084	6.214	3	8	HCD-HMSn
0	486	1.6711	1	1.7306E+08	2.751E+07	171.0277	2099	1230	1230	HMS
0	487	1.6798	2	109224	20739	87.004	10.57	6	24	HCD-HMSn
0	488	1.6810	2	1.2894E+07	6.0765E+06	139.0025	199.3	10	30	HCD-HMSn
0	489	1.6835	2	37340	21539	149.0232	16.84	2	10	HCD-HMSn
0	490	1.6860	2	231402	31244	171.0285	20.5	18	46	HCD-HMSn
0	491	1.6885	2	215164	122187	125.0428	92.26	11	30	HCD-HMSn
0	492	1.6897	2	1.1087E+07	4.963E+06	139.0025	207.9	11	35	HCD-HMSn
0	493	1.6922	2	42308	6905.1	127.0725	6.315	6	19	HCD-HMSn
0	494	1.6947	2	37088	15450	211.0211	11.29	2	15	HCD-HMSn
0	495	1.6967	1	1.6824E+08	2.1519E+07	139.0018	1707	1318	1318	HMS
0	496	1.7055	2	9.2672E+06	4.6905E+06	188.0705	122.2	7	17	HCD-HMSn
0	497	1.7080	2	181576	17061	186.9913	11.79	17	53	HCD-HMSn
0	498	1.7105	2	49258	10159	113.9636	7.046	5	20	HCD-HMSn
0	499	1.7130	2	608151	158945	207.969	71.43	23	61	HCD-HMSn
0	500	1.7155	2	476771	285625	177.0545	211.3	8	21	HCD-HMSn
0	501	1.7171	2	6.2307E+06	2.5894E+06	111.0075	253.3	8	34	HCD-HMSn
0	502	1.7196	2	285459	76335	87.0263	47.25	12	46	HCD-HMSn
0	503	1.7220	2	273103	113114	89.0597	66.22	12	43	HCD-HMSn
0	504	1.7240	1	2.4979E+08	5.3081E+07	139.0018	2506	903	903	HMS
0	505	1.7328	2	1.1417E+07	5.9972E+06	146.0598	506.6	12	28	HCD-HMSn
0	506	1.7353	2	138063	59743	87.004	25.79	7	20	HCD-HMSn
0	507	1.7375	2	3.3042E+06	306301	216.9791	46.67	52	182	HCD-HMSn
0	508	1.7400	2	1.0866E+06	981777	261.1305	349.4	4	16	HCD-HMSn
0	509	1.7426	2	1.3159E+06	228960	263.0071	71.44	21	66	HCD-HMSn
0	510	1.7451	2	1.4192E+06	240146	263.0071	60.93	24	64	HCD-HMSn
0	511	1.7476	2	616569	272006	163.0387	191.6	7	19	HCD-HMSn
0	512	1.7502	2	825001	51498	171.9814	18.49	38	113	HCD-HMSn
0	513	1.7520	1	4.0203E+08	1.0032E+08	139.0018	3210	639	639	HMS
0	514	1.7607	2	600426	178254	104.0528	98.04	12	29	HCD-HMSn
0	515	1.7633	2	547632	38045	159.0501	12.72	27	107	HCD-HMSn
0	516	1.7657	2	45408	8182.1	113.9637	6.527	5	20	HCD-HMSn
0	517	1.7682	2	119075	42105	89.0597	23.35	4	14	HCD-HMSn
0	518	1.7707	2	199537	155666	163.0388	109.1	4	24	HCD-HMSn
0	519	1.7732	2	108441	39317	151.9833	32.23	5	20	HCD-HMSn
0	520	1.7757	2	321625	126585	217.097	96.33	9	30	HCD-HMSn
0	521	1.7783	2	378832	66089	255.0158	22.83	16	68	HCD-HMSn
0	522	1.7801	1	3.7753E+08	9.8001E+07	139.0018	3404	683	683	HMS
0	523	1.7889	2	333246	76403	273.039	44.2	13	38	HCD-HMSn
0	524	1.7914	2	189152	46536	201.0518	25.99	10	56	HCD-HMSn
0	525	1.7939	2	49162	8112.5	257.9818	6.508	5	19	HCD-HMSn
0	526	1.7964	2	545767	189607	178.0722	107.9	19	44	HCD-HMSn
0	527	1.7989	2	320530	63924	148.0503	28.65	14	47	HCD-HMSn
0	528	1.8015	2	156306	39987	233.0034	23.47	9	40	HCD-HMSn
0	529	1.8040	2	105154	51005	62.9818	45.74	7	27	HCD-HMSn
0	530	1.8064	2	47545	8466	170.9735	5.195	5	18	HCD-HMSn
0	531	1.8084	1	2.2957E+08	4.6386E+07	139.0019	2345	965	965	HMS
0	532	1.8171	2	1.7518E+06	1.5133E+06	124.0393	328.5	4	13	HCD-HMSn
0	533	1.8196	2	74385	22065	88.0216	13.76	4	18	HCD-HMSn
0	534	1.8221	2	163985	105242	181.0719	86.45	7	19	HCD-HMSn
0	535	1.8247	2	1.405E+06	558646	295.0937	301.9	12	46	HCD-HMSn
0	536	1.8271	2	162740	100757	260.0751	71.77	7	23	HCD-HMSn
0	537	1.8297	2	558658	362213	295.0936	229.3	7	21	HCD-HMSn
0	538	1.8322	2	180414	148180	275.1099	130.1	4	16	HCD-HMSn
0	539	1.8347	2	43620	4816.1	171.9815	3.942	5	24	HCD-HMSn
0	540	1.8367	1	1.5592E+08	2.3418E+07	205.0961	1963	1349	1349	HMS
0	541	1.8455	2	587402	452280	68.9971	75.47	4	13	HCD-HMSn
0	542	1.8480	2	230107	49957	207.0706	28.67	11	44	HCD-HMSn
0	543	1.8499	1	2.5882E+08	9.0037E+07	205.0959	4713	917	917	HMS
0	544	1.8587	2	33076	11041	148.0505	10.62	4	12	HCD-HMSn
0	545	1.8610	2	177347	37567	84.0444	14.68	9	26	HCD-HMSn
0	546	1.8629	2	2.2496E+06	1.5748E+06	118.065	397.7	8	19	HCD-HMSn
0	547	1.8654	2	1.1947E+06	742655	188.0705	402.6	11	26	HCD-HMSn
0	548	1.8679	2	3.3923E+06	2.692E+06	170.0598	1051	11	28	HCD-HMSn
0	549	1.8704	2	4.0913E+06	2.0926E+06	190.0762	440.1	23	54	HCD-HMSn
0	550	1.8728	2	50422	13776	111.044	9.557	3	20	HCD-HMSn
0	551	1.8754	2	1.2135E+06	1.0607E+06	130.0651	474.5	9	30	HCD-HMSn
0	552	1.8771	1	2.6891E+09	1.3231E+09	205.0954	6235	272	272	HMS
0	553	1.8859	2	19988	3861.4	212.0525	3.289	3	11	HCD-HMSn
0	554	1.8884	2	15750	4603.4	253.0168	4.182	1	10	HCD-HMSn
0	555	1.8898	2	1.0342E+07	3.1022E+06	148.0659	347	18	45	HCD-HMSn
0	556	1.8910	2	1.2047E+08	5.2334E+07	147.0632	427.7	14	41	HCD-HMSn
0	557	1.8928	2	2.2507E+06	1.6589E+06	143.0728	404.7	10	24	HCD-HMSn
0	558	1.8953	2	1.9114E+06	973861	145.0841	245.8	11	29	HCD-HMSn
0	559	1.8970	2	1.8745E+06	1.2629E+06	117.0573	296.6	8	20	HCD-HMSn
0	560	1.8995	2	499397	415066	91.0542	402.8	3	17	HCD-HMSn
0	561	1.9012	1	4.2126E+09	2.0862E+09	205.0958	5505	217	217	HMS
0	562	1.9100	2	1.6617E+07	1.3439E+07	118.0651	261.5	4	13	HCD-HMSn
0	563	1.9112	2	2.5799E+07	1.3881E+07	159.0915	323.2	9	23	HCD-HMSn
0	564	1.9128	2	1.3721E+06	663036	142.065	153.3	7	21	HCD-HMSn
0	565	1.9144	2	6.5482E+06	5.2111E+06	295.0934	486.9	12	29	HCD-HMSn
0	566	1.9161	2	4.6772E+06	1.5518E+06	160.0756	270.2	14	35	HCD-HMSn
0	567	1.9175	2	832559	793343	115.0542	233.6	2	10	HCD-HMSn
0	568	1.9187	2	8.5779E+08	4.0522E+08	188.0704	205.7	8	28	HCD-HMSn
0	569	1.9199	2	1.0498E+07	5.5169E+06	190.0763	78.81	8	30	HCD-HMSn
0	570	1.9216	1	3.5516E+09	1.7863E+09	205.0959	7102	237	237	HMS
0	571	1.9304	2	1.1081E+07	8.6904E+06	144.0807	275.6	8	24	HCD-HMSn
0	572	1.9316	2	1.0254E+09	4.9725E+08	188.0705	129.8	7	27	HCD-HMSn
0	573	1.9328	2	7.9032E+08	4.1144E+08	146.0598	213	8	23	HCD-HMSn
0	574	1.9340	2	6.2995E+08	3.2196E+08	188.0705	225.5	8	23	HCD-HMSn
0	575	1.9352	2	8.5313E+08	4.628E+08	188.0704	180.2	8	21	HCD-HMSn
0	576	1.9377	2	608727	307493	191.0788	127.8	13	35	HCD-HMSn
0	577	1.9392	2	1.9801E+06	1.1633E+06	117.0573	165.6	7	17	HCD-HMSn
0	578	1.9417	2	744105	102856	390.1445	29.19	20	62	HCD-HMSn
0	579	1.9434	1	3.1165E+09	1.5757E+09	205.0959	5896	218	218	HMS
0	580	1.9522	2	5.718E+06	3.9846E+06	132.0807	222.7	9	21	HCD-HMSn
0	581	1.9534	2	8.5408E+07	4.2368E+07	189.0739	158.7	11	29	HCD-HMSn
0	582	1.9545	2	8.2298E+06	6.4147E+06	144.0806	311	9	27	HCD-HMSn
0	583	1.9569	2	1.309E+06	943746	119.0685	481.8	8	18	HCD-HMSn
0	584	1.9581	2	6.4087E+08	3.0461E+08	188.0705	119.1	7	22	HCD-HMSn
0	585	1.9593	2	7.5882E+08	3.9489E+08	146.0598	174.1	8	21	HCD-HMSn
0	586	1.9605	2	7.9028E+08	4.0484E+08	146.0598	311.6	11	27	HCD-HMSn
0	587	1.9629	2	1.8192E+07	9.1565E+06	188.0698	891.7	23	59	HCD-HMSn
0	588	1.9647	1	2.7402E+09	1.3692E+09	205.0958	5876	244	244	HMS
0	589	1.9734	2	616040	550206	115.0542	194.3	5	14	HCD-HMSn
0	590	1.9746	2	4.9906E+08	2.3784E+08	188.0705	115.8	7	21	HCD-HMSn
0	591	1.9758	2	7.0668E+06	2.0552E+06	148.0659	170	15	35	HCD-HMSn
0	592	1.9770	2	6.2577E+08	3.1667E+08	188.0704	179.7	8	29	HCD-HMSn
0	593	1.9782	2	6.5617E+08	3.4679E+08	146.0598	207.8	9	22	HCD-HMSn
0	594	1.9794	2	6.4968E+08	2.9415E+08	188.0704	173.8	8	26	HCD-HMSn
0	595	1.9806	2	3.6224E+07	1.5906E+07	189.0737	263.5	17	49	HCD-HMSn
0	596	1.9831	2	266230	116042	203.0814	49.17	4	20	HCD-HMSn
0	597	1.9848	1	2.3671E+09	1.2003E+09	205.0958	7109	250	250	HMS
0	598	1.9936	2	6.4086E+08	3.3153E+08	146.0598	360.1	11	30	HCD-HMSn
0	599	1.9961	2	687258	126557	277.0266	38.16	24	74	HCD-HMSn
0	600	1.9986	2	195244	89391	203.0814	87.79	7	15	HCD-HMSn
0	601	2.0012	2	551878	163344	463.1059	58.55	21	73	HCD-HMSn
0	602	2.0037	2	328886	195370	188.0705	139.3	4	23	HCD-HMSn
0	603	2.0062	2	47737	14272	261.0542	11.63	6	19	HCD-HMSn
0	604	2.0074	2	4.5879E+08	2.0539E+08	188.0705	191.9	9	29	HCD-HMSn
0	605	2.0099	2	558058	470011	367.1207	384.6	4	10	HCD-HMSn
0	606	2.0117	1	1.7359E+09	8.5981E+08	205.0959	5637	283	283	HMS
0	607	2.0204	2	6.2063E+06	4.6599E+06	118.0651	300.8	6	13	HCD-HMSn
0	608	2.0229	2	32022	19666	185.042	19.04	2	11	HCD-HMSn
0	609	2.0254	2	207238	80465	87.004	32.94	8	27	HCD-HMSn
0	610	2.0279	2	243922	58126	277.0269	26.78	12	37	HCD-HMSn
0	611	2.0304	2	31255	11478	71.0128	12.03	3	12	HCD-HMSn
0	612	2.0316	2	2.2444E+08	1.1265E+08	188.0705	156.4	7	20	HCD-HMSn
0	613	2.0341	2	241017	77892	261.0543	46.94	8	25	HCD-HMSn
0	614	2.0366	2	43433	24205	84.9597	11.23	3	8	HCD-HMSn
0	615	2.0384	1	1.0185E+09	4.913E+08	205.0957	5931	364	364	HMS
0	616	2.0472	2	251703	78906	125.0025	24.53	9	22	HCD-HMSn
0	617	2.0497	2	157629	33727	191.0787	26.86	9	26	HCD-HMSn
0	618	2.0521	2	93407	34513	163.0387	26.31	6	19	HCD-HMSn
0	619	2.0535	2	3.8149E+06	2.0588E+06	159.0914	211.7	10	31	HCD-HMSn
0	620	2.0560	2	98227	38135	84.9597	11.69	3	8	HCD-HMSn
0	621	2.0585	2	512501	384876	130.0651	144.1	6	19	HCD-HMSn
0	622	2.0610	2	119220	28986	131.0681	10.03	8	20	HCD-HMSn
0	623	2.0635	2	89516	22705	231.1203	18.92	9	18	HCD-HMSn
0	624	2.0653	1	4.9986E+08	2.3753E+08	205.0958	6484	491	491	HMS
0	625	2.0740	2	987553	727059	118.0651	128.6	3	11	HCD-HMSn
0	626	2.0765	2	128563	33537	113.9636	28.31	10	32	HCD-HMSn
0	627	2.0790	2	138085	20381	104.0528	13.41	10	47	HCD-HMSn
0	628	2.0809	1	3.8072E+08	1.7266E+08	205.0958	6314	610	610	HMS
0	629	2.0896	2	515164	309993	132.0807	98.07	7	21	HCD-HMSn
0	630	2.0921	2	429025	122497	160.0755	50.18	11	35	HCD-HMSn
0	631	2.0946	2	96246	36606	110.0362	20.68	6	23	HCD-HMSn
0	632	2.0971	2	269302	71862	111.0076	42.06	12	35	HCD-HMSn
0	633	2.0995	2	15588	3031.4	135.0667	3.233	2	12	HCD-HMSn
0	634	2.1007	2	8.1671E+06	3.5033E+06	147.0633	227.4	11	26	HCD-HMSn
0	635	2.1027	2	91935	23692	72.9371	16.21	6	16	HCD-HMSn
0	636	2.1052	2	141038	49268	88.0042	26.41	8	26	HCD-HMSn
0	637	2.1071	1	2.8608E+08	1.2465E+08	205.0959	5566	693	693	HMS
0	638	2.1159	2	68666	14375	55.9347	10.76	5	21	HCD-HMSn
0	639	2.1184	2	178751	45338	175.0864	19.26	10	31	HCD-HMSn
0	640	2.1208	2	15998	5506	86.0601	4.456	2	7	HCD-HMSn
0	641	2.1234	2	101395	53421	195.0287	42.47	5	22	HCD-HMSn
0	642	2.1259	2	240550	185871	195.0287	143.1	6	21	HCD-HMSn
0	643	2.1284	2	284009	59656	171.149	23.8	9	24	HCD-HMSn
0	644	2.1308	2	116974	62603	88.0757	41.15	4	16	HCD-HMSn
0	645	2.1333	2	36329	13460	70.9419	11.38	3	12	HCD-HMSn
0	646	2.1353	1	2.1288E+08	8.9299E+07	205.0959	5816	799	799	HMS
0	647	2.1440	2	169895	90894	68.9971	64.48	5	16	HCD-HMSn
0	648	2.1465	2	114705	49983	227.0789	39.77	5	22	HCD-HMSn
0	649	2.1490	2	241262	75183	111.0077	43.07	9	32	HCD-HMSn
0	650	2.1515	2	791750	135690	246.058	49.48	17	49	HCD-HMSn
0	651	2.1540	2	35265	11738	74.9377	9.077	3	12	HCD-HMSn
0	652	2.1556	2	129284	36667	98.9842	9.973	5	22	HCD-HMSn
0	653	2.1581	2	24093	13487	243.0476	12.36	2	8	HCD-HMSn
0	654	2.1606	2	152829	60388	56.965	52	7	26	HCD-HMSn
0	655	2.1626	1	1.8713E+08	7.4866E+07	205.0959	5602	892	892	HMS
0	656	2.1714	2	497451	288231	72.9372	62.68	5	14	HCD-HMSn
0	657	2.1739	2	2.5491E+06	1.2813E+06	146.0598	409.8	16	43	HCD-HMSn
0	658	2.1764	2	136484	76967	188.0705	57.52	3	18	HCD-HMSn
0	659	2.1789	2	233579	54089	160.0753	34.11	9	36	HCD-HMSn
0	660	2.1814	2	101621	33244	113.9636	22.14	6	26	HCD-HMSn
0	661	2.1839	2	133866	65335	71.0291	32.13	6	21	HCD-HMSn
0	662	2.1863	2	246757	147990	130.0651	82.52	7	21	HCD-HMSn
0	663	2.1889	2	143115	99141	377.0838	89.65	5	23	HCD-HMSn
0	664	2.1909	1	1.7846E+08	6.5338E+07	205.0959	4991	948	948	HMS
0	665	2.1996	2	123207	27932	87.004	9.758	7	13	HCD-HMSn
0	666	2.2021	2	270428	60025	171.1491	33.49	12	27	HCD-HMSn
0	667	2.2046	2	51829	19537	145.0844	14.41	4	12	HCD-HMSn
0	668	2.2066	1	1.7285E+08	6.1194E+07	205.096	4573	951	951	HMS
0	669	2.2154	2	2.803E+07	1.4955E+07	188.0705	256	8	25	HCD-HMSn
0	670	2.2179	2	55717	39640	127.039	35.09	2	11	HCD-HMSn
0	671	2.2204	2	149798	95723	137.0597	96.12	3	10	HCD-HMSn
0	672	2.2229	2	440868	269053	170.0599	241.1	6	23	HCD-HMSn
0	673	2.2254	2	121039	73558	261.1847	63.8	7	17	HCD-HMSn
0	674	2.2279	2	184976	93984	132.0808	63.43	8	26	HCD-HMSn
0	675	2.2303	2	206192	137646	156.0807	108.9	4	20	HCD-HMSn
0	676	2.2328	2	330756	80726	168.0806	38.13	10	29	HCD-HMSn
0	677	2.2349	1	1.5521E+08	5.3285E+07	205.0961	4243	997	997	HMS
0	678	2.2436	2	2.4894E+07	1.3158E+07	146.0599	319.9	11	23	HCD-HMSn
0	679	2.2461	2	284455	101657	177.0545	47.46	14	38	HCD-HMSn
0	680	2.2486	2	10801	1828.1	105.9552	1.853	0	10	HCD-HMSn
0	681	2.2511	2	70006	51586	97.0076	25.63	2	7	HCD-HMSn
0	682	2.2536	2	85407	72807	122.0964	59.06	2	9	HCD-HMSn
0	683	2.2561	2	63510	21183	148.9769	18.88	6	22	HCD-HMSn
0	684	2.2586	2	154140	38446	113.9636	23.75	10	36	HCD-HMSn
0	685	2.2611	2	55132	34018	143.073	28.11	2	14	HCD-HMSn
0	686	2.2631	1	1.33E+08	4.4841E+07	205.0961	3982	993	993	HMS
0	687	2.2719	2	774913	338825	163.0387	213.3	7	18	HCD-HMSn
0	688	2.2743	2	1.4662E+06	430756	113.9636	161.7	14	53	HCD-HMSn
0	689	2.2768	2	62841	15860	98.9842	13.46	6	20	HCD-HMSn
0	690	2.2788	1	1.2941E+08	4.3099E+07	205.0962	3943	1044	1044	HMS
0	691	2.2876	2	755626	680258	163.0387	366.7	5	16	HCD-HMSn
0	692	2.2901	2	147407	46875	113.9636	23.11	7	20	HCD-HMSn
0	693	2.2926	2	267201	99760	89.0597	81.3	6	24	HCD-HMSn
0	694	2.2951	2	295000	168871	89.0597	138.1	8	25	HCD-HMSn
0	695	2.2976	2	352635	304520	305.1568	237.6	7	28	HCD-HMSn
0	696	2.3001	2	306416	290644	202.0433	264.7	2	12	HCD-HMSn
0	697	2.3026	2	100812	46702	105.0699	37.57	5	23	HCD-HMSn
0	698	2.3051	2	72887	19697	163.0387	16.27	8	27	HCD-HMSn
0	699	2.3072	1	1.1826E+08	3.6525E+07	205.0963	3452	1074	1074	HMS
0	700	2.3160	2	914888	209413	273.0391	99.89	19	51	HCD-HMSn
0	701	2.3185	2	173823	35553	148.0504	17.91	8	44	HCD-HMSn
0	702	2.3210	2	48918	21301	84.0556	13.82	3	12	HCD-HMSn
0	703	2.3234	2	355386	213451	125.0233	130.8	6	19	HCD-HMSn
0	704	2.3259	2	96107	49376	163.0388	27.21	6	19	HCD-HMSn
0	705	2.3285	2	92036	28770	71.0855	26.92	4	16	HCD-HMSn
0	706	2.3309	2	38480	19774	149.0234	19.44	2	15	HCD-HMSn
0	707	2.3334	2	30060	5728.1	140.0682	5.153	7	13	HCD-HMSn
0	708	2.3354	1	1.1292E+08	3.1983E+07	205.0963	2888	1088	1088	HMS
0	709	2.3442	2	829245	669578	124.0393	375.2	9	24	HCD-HMSn
0	710	2.3467	2	305722	130448	295.0936	81.05	5	15	HCD-HMSn
0	711	2.3492	2	267582	31880	113.9637	14.88	16	40	HCD-HMSn
0	712	2.3512	1	1.2166E+08	3.1289E+07	205.0962	2817	1162	1162	HMS
0	713	2.3600	2	263656	104055	69.0335	48.29	7	25	HCD-HMSn
0	714	2.3625	2	19254	13318	211.0214	14.06	1	7	HCD-HMSn
0	715	2.3650	2	129188	97805	68.9971	73.35	4	14	HCD-HMSn
0	716	2.3675	2	189511	105021	409.1102	67.02	7	17	HCD-HMSn
0	717	2.3700	2	221178	59783	132.0807	32.28	12	32	HCD-HMSn
0	718	2.3716	2	2.5354E+06	1.5988E+06	125.0233	334.4	8	25	HCD-HMSn
0	719	2.3741	2	97695	83638	163.0388	67.27	3	9	HCD-HMSn
0	720	2.3766	2	192309	40224	126.0266	16.95	9	31	HCD-HMSn
0	721	2.3786	1	1.4249E+08	2.9305E+07	205.0962	2397	1163	1163	HMS
0	722	2.3874	2	189044	101824	409.1101	60.97	7	19	HCD-HMSn
0	723	2.3899	2	127160	63001	130.0652	54.61	6	21	HCD-HMSn
0	724	2.3924	2	419326	108287	139.0389	61.39	15	50	HCD-HMSn
0	725	2.3949	2	904916	130627	153.0181	62.58	27	98	HCD-HMSn
0	726	2.3974	2	844949	102562	216.9792	34.24	32	132	HCD-HMSn
0	727	2.3999	2	59271	10306	163.0387	8.981	6	32	HCD-HMSn
0	728	2.4024	2	329560	45325	150.0256	15.49	15	58	HCD-HMSn
0	729	2.4049	2	473300	191968	163.0388	74.35	17	59	HCD-HMSn
0	730	2.4070	1	1.5186E+08	2.723E+07	205.0961	2302	1171	1171	HMS
0	731	2.4157	2	91588	49298	144.0807	32.46	3	12	HCD-HMSn
0	732	2.4182	2	29392	21175	122.0964	20.65	1	8	HCD-HMSn
0	733	2.4207	2	781871	204043	139.0389	74.61	21	65	HCD-HMSn
0	734	2.4232	2	154520	29960	113.0596	20.51	12	32	HCD-HMSn
0	735	2.4249	2	1.5623E+06	813968	189.0739	193.9	12	33	HCD-HMSn
0	736	2.4274	2	146839	48002	135.0441	30.71	8	22	HCD-HMSn
0	737	2.4299	2	34511	7299.2	186.037	6.039	2	22	HCD-HMSn
0	738	2.4324	2	120396	52458	163.0388	36.66	8	28	HCD-HMSn
0	739	2.4344	1	1.4942E+08	2.4648E+07	205.0961	2040	1168	1168	HMS
0	740	2.4432	2	997667	563792	118.0861	360.4	7	20	HCD-HMSn
0	741	2.4457	2	524341	147521	159.0915	50.15	15	37	HCD-HMSn
0	742	2.4482	2	163579	116938	144.0806	82.31	4	22	HCD-HMSn
0	743	2.4507	2	325765	124546	163.0388	79.04	15	51	HCD-HMSn
0	744	2.4532	2	927327	805770	377.0838	416.1	8	20	HCD-HMSn
0	745	2.4557	2	257972	98335	163.0387	58.78	13	46	HCD-HMSn
0	746	2.4582	2	412954	215596	202.0861	129	11	34	HCD-HMSn
0	747	2.4608	2	919977	411309	163.0387	130.2	19	70	HCD-HMSn
0	748	2.4628	1	1.7428E+08	3.8763E+07	355.1005	2814	927	927	HMS
0	749	2.4716	2	56127	27793	163.0386	21.71	4	17	HCD-HMSn
0	750	2.4741	2	111435	54248	132.0807	39.4	7	20	HCD-HMSn
0	751	2.4761	2	1.1945E+06	602121	189.0739	163.5	12	32	HCD-HMSn
0	752	2.4777	2	4.2042E+06	1.3282E+06	188.0704	149.5	21	62	HCD-HMSn
0	753	2.4802	2	454568	242617	163.0388	120.8	14	55	HCD-HMSn
0	754	2.4827	2	1.2457E+06	527025	202.0861	313.2	10	30	HCD-HMSn
0	755	2.4852	2	63408	15805	235.1693	12.68	7	18	HCD-HMSn
0	756	2.4877	2	547291	294115	89.0385	166.6	12	29	HCD-HMSn
0	757	2.4895	1	3.3327E+08	1.0453E+08	355.1005	3774	654	654	HMS
0	758	2.4984	2	2.6927E+06	1.0383E+06	163.0387	172	28	97	HCD-HMSn
0	759	2.4996	2	7.1333E+06	2.2788E+06	163.0387	152.8	23	68	HCD-HMSn
0	760	2.5021	2	841947	188723	186.0371	80.85	16	49	HCD-HMSn
0	761	2.5047	2	3.1925E+06	1.046E+06	163.0387	242.7	36	111	HCD-HMSn
0	762	2.5072	2	297800	131943	117.0335	109.8	6	18	HCD-HMSn
0	763	2.5096	2	309011	206303	89.0385	62.97	4	16	HCD-HMSn
0	764	2.5120	2	2.5385E+06	911166	163.0387	178.8	28	90	HCD-HMSn
0	765	2.5145	2	1.1415E+06	521793	163.0388	180.4	23	72	HCD-HMSn
0	766	2.5163	1	5.1859E+08	1.8818E+08	355.1003	4345	520	520	HMS
0	767	2.5251	2	19341	10065	393.0582	8.157	2	7	HCD-HMSn
0	768	2.5276	2	512049	135941	263.0846	60.09	13	33	HCD-HMSn
0	769	2.5301	2	215327	84035	163.0388	37.34	8	41	HCD-HMSn
0	770	2.5327	2	389460	128462	164.0422	51.04	6	18	HCD-HMSn
0	771	2.5352	2	375922	258260	202.0862	186	5	26	HCD-HMSn
0	772	2.5377	2	1.3379E+06	711145	163.0387	313.1	11	38	HCD-HMSn
0	773	2.5402	2	46427	38672	163.0387	29.66	1	7	HCD-HMSn
0	774	2.5427	2	152483	79197	107.0491	50.02	5	13	HCD-HMSn
0	775	2.5445	1	7.6334E+08	2.9646E+08	355.1001	4674	463	463	HMS
0	776	2.5532	2	741151	364377	118.0862	272.6	10	23	HCD-HMSn
0	777	2.5557	2	581681	345874	114.0913	113.5	8	30	HCD-HMSn
0	778	2.5582	2	22854	9584.2	163.039	8.77	2	9	HCD-HMSn
0	779	2.5608	2	388875	257846	163.0387	106.1	8	34	HCD-HMSn
0	780	2.5633	2	990789	736695	163.0387	484.2	11	32	HCD-HMSn
0	781	2.5659	2	412564	131873	323.0547	65.51	12	44	HCD-HMSn
0	782	2.5684	2	119626	85361	163.0388	70.76	2	22	HCD-HMSn
0	783	2.5709	2	382064	149945	323.0548	78.46	12	31	HCD-HMSn
0	784	2.5727	1	5.5553E+08	2.3073E+08	355.1006	4236	400	400	HMS
0	785	2.5814	2	160325	79663	118.0651	39.47	5	15	HCD-HMSn
0	786	2.5838	2	1.1005E+06	290919	163.0388	95.51	15	57	HCD-HMSn
0	787	2.5864	2	426089	124614	163.0387	47.61	11	45	HCD-HMSn
0	788	2.5876	2	1.2612E+08	5.4275E+07	163.0387	323.8	8	15	HCD-HMSn
0	789	2.5901	2	218661	62723	87.0041	34.03	10	22	HCD-HMSn
0	790	2.5913	2	9.2426E+07	8.2274E+07	163.0388	413.4	6	20	HCD-HMSn
0	791	2.5938	2	124889	53611	130.0651	37.96	8	21	HCD-HMSn
0	792	2.5950	2	1.0952E+08	9.8698E+07	163.0387	388.1	5	14	HCD-HMSn
0	793	2.5968	1	6.4643E+08	2.5586E+08	355.1001	5328	470	470	HMS
0	794	2.6056	2	89301	41960	132.0807	30.89	5	16	HCD-HMSn
0	795	2.6080	2	19809	5637.3	110.0712	5.206	3	12	HCD-HMSn
0	796	2.6105	2	196357	56756	90.0419	14.47	7	18	HCD-HMSn
0	797	2.6131	2	405812	92906	163.0388	28.07	11	46	HCD-HMSn
0	798	2.6156	2	447057	152590	163.0387	79.26	17	42	HCD-HMSn
0	799	2.6182	2	341690	224860	295.0936	143	10	22	HCD-HMSn
0	800	2.6207	2	240021	104124	323.0549	47.36	6	22	HCD-HMSn
0	801	2.6232	2	30590	12510	115.0542	14.04	2	9	HCD-HMSn
0	802	2.6250	1	4.4841E+08	1.6927E+08	355.1002	5325	563	563	HMS
0	803	2.6338	2	6.9752E+07	3.0165E+07	163.0387	310.3	7	20	HCD-HMSn
0	804	2.6363	2	250923	118018	170.0601	98.46	6	19	HCD-HMSn
0	805	2.6389	2	463706	207964	163.0388	61.01	12	39	HCD-HMSn
0	806	2.6414	2	232025	203256	138.0549	195.8	4	12	HCD-HMSn
0	807	2.6439	2	213555	86347	169.0494	53.88	6	20	HCD-HMSn
0	808	2.6464	2	361639	190184	163.0388	94.33	11	43	HCD-HMSn
0	809	2.6483	1	3.117E+08	1.0182E+08	355.1003	3551	611	611	HMS
0	810	2.6570	2	120818	40139	68.9971	28.84	6	18	HCD-HMSn
0	811	2.6595	2	119677	63402	88.0757	53.31	5	19	HCD-HMSn
0	812	2.6614	1	2.4917E+08	7.9907E+07	355.1007	3841	719	719	HMS
0	813	2.6702	2	154350	24782	246.0581	19.13	13	35	HCD-HMSn
0	814	2.6727	2	437843	169703	313.104	88.71	7	21	HCD-HMSn
0	815	2.6752	2	168358	56862	68.9971	34.12	5	19	HCD-HMSn
0	816	2.6777	2	356274	100899	139.0026	30	10	26	HCD-HMSn
0	817	2.6802	2	156017	53635	163.0388	28.95	8	28	HCD-HMSn
0	818	2.6827	2	139685	69259	163.0388	47.39	5	29	HCD-HMSn
0	819	2.6852	2	165618	76392	125.0025	61.03	6	24	HCD-HMSn
0	820	2.6877	2	234022	56450	144.0806	32.82	10	28	HCD-HMSn
0	821	2.6897	1	1.8189E+08	4.3804E+07	355.1004	3490	1064	1064	HMS
0	822	2.6985	2	1.9895E+06	646815	188.0705	110.4	13	53	HCD-HMSn
0	823	2.7010	2	972515	325706	163.0387	126.1	19	65	HCD-HMSn
0	824	2.7035	2	316617	76708	159.0915	34.03	15	39	HCD-HMSn
0	825	2.7060	2	1.1935E+06	906460	195.0875	520.3	6	22	HCD-HMSn
0	826	2.7085	2	412662	145216	261.0681	85.55	13	44	HCD-HMSn
0	827	2.7110	2	98451	16749	113.9637	8.612	7	28	HCD-HMSn
0	828	2.7135	2	96944	36324	88.0042	19.35	6	19	HCD-HMSn
0	829	2.7160	2	48574	16101	163.0388	14.95	4	16	HCD-HMSn
0	830	2.7180	1	1.6604E+08	3.0445E+07	355.1005	2492	1204	1204	HMS
0	831	2.7268	2	5.5713E+06	2.9439E+06	188.0705	198	8	22	HCD-HMSn
0	832	2.7280	2	2.6489E+06	2.09E+06	377.0839	148.6	7	17	HCD-HMSn
0	833	2.7298	2	76999	16700	87.0041	7.388	6	16	HCD-HMSn
0	834	2.7313	2	2.8213E+06	1.2841E+06	139.0025	147.2	11	31	HCD-HMSn
0	835	2.7338	2	157252	47840	111.0076	40	9	29	HCD-HMSn
0	836	2.7363	2	769526	304762	147.0634	121.9	12	29	HCD-HMSn
0	837	2.7388	2	139096	27091	171.0916	20.25	10	36	HCD-HMSn
0	838	2.7413	2	50269	7723.5	125.9611	7.777	7	22	HCD-HMSn
0	839	2.7433	1	1.7316E+08	2.4592E+07	195.0866	1944	1195	1195	HMS
0	840	2.7521	2	5.1737E+06	2.7321E+06	146.0599	364.5	10	26	HCD-HMSn
0	841	2.7546	2	387894	96948	170.0963	49.05	11	28	HCD-HMSn
0	842	2.7570	2	458652	185514	261.0685	96.97	12	45	HCD-HMSn
0	843	2.7591	2	3.0969E+06	2.4593E+06	196.0906	822.3	7	21	HCD-HMSn
0	844	2.7616	2	65919	9089.6	126.0265	4.666	4	25	HCD-HMSn
0	845	2.7641	2	78817	23502	113.9637	16.84	4	26	HCD-HMSn
0	846	2.7666	2	115141	54491	71.0291	34.6	5	25	HCD-HMSn
0	847	2.7691	2	133317	65487	228.0891	59.25	3	17	HCD-HMSn
0	848	2.7710	1	2.2387E+08	8.8701E+07	195.0866	5003	938	938	HMS
0	849	2.7798	2	8.2414E+06	3.58E+06	163.0388	81.78	6	12	HCD-HMSn
0	850	2.7823	2	43993	8300	72.9371	6.303	4	17	HCD-HMSn
0	851	2.7848	2	39325	13564	163.0386	11.15	2	17	HCD-HMSn
0	852	2.7873	2	805254	640734	197.0927	568.4	6	22	HCD-HMSn
0	853	2.7898	2	168156	21339	115.5261	18.05	15	49	HCD-HMSn
0	854	2.7923	2	210972	36942	68.9971	22.63	11	29	HCD-HMSn
0	855	2.7947	2	75825	13234	84.9597	7.119	5	24	HCD-HMSn
0	856	2.7973	2	68826	32164	195.0877	24.93	3	20	HCD-HMSn
0	857	2.7992	1	3.0309E+08	1.8305E+08	195.0865	8476	750	750	HMS
0	858	2.8080	2	4.6361E+06	4.1664E+06	163.0388	324	4	13	HCD-HMSn
0	859	2.8105	2	143721	50474	113.9637	39.11	5	26	HCD-HMSn
0	860	2.8129	2	488425	206794	87.0041	65.56	11	29	HCD-HMSn
0	861	2.8155	2	87796	22826	88.0216	14.77	5	20	HCD-HMSn
0	862	2.8179	2	151696	24107	115.5261	16.69	12	37	HCD-HMSn
0	863	2.8204	2	112762	13350	115.526	8.997	10	26	HCD-HMSn
0	864	2.8216	2	1.6649E+08	1.3063E+08	195.0875	956	7	20	HCD-HMSn
0	865	2.8241	2	598573	129818	115.526	57.28	16	51	HCD-HMSn
0	866	2.8260	1	3.2185E+08	2.1324E+08	195.0865	9460	689	689	HMS
0	867	2.8348	2	1.3996E+06	321406	273.0391	113.3	22	57	HCD-HMSn
0	868	2.8373	2	163968	92836	105.0699	80.15	5	16	HCD-HMSn
0	869	2.8398	2	46718	23640	125.0233	24.09	3	13	HCD-HMSn
0	870	2.8423	2	282109	81249	126.0149	40.73	12	45	HCD-HMSn
0	871	2.8448	2	238610	64511	232.0715	25.83	11	38	HCD-HMSn
0	872	2.8473	2	190576	165727	120.0444	143.5	2	16	HCD-HMSn
0	873	2.8498	2	102596	41189	163.0388	28.66	6	26	HCD-HMSn
0	874	2.8523	2	207150	63165	195.0876	26.04	5	37	HCD-HMSn
0	875	2.8542	1	2.4521E+08	1.5512E+08	195.0866	7942	735	735	HMS
0	876	2.8630	2	567262	482657	124.0393	335.2	4	14	HCD-HMSn
0	877	2.8655	2	265247	178218	163.0387	106.7	6	26	HCD-HMSn
0	878	2.8680	2	340520	147470	303.0496	110.8	11	30	HCD-HMSn
0	879	2.8705	2	78392	27826	84.9597	25.37	5	15	HCD-HMSn
0	880	2.8730	2	33206	7491.3	122.0192	7.129	4	12	HCD-HMSn
0	881	2.8755	2	453016	64686	128.9507	33.98	21	67	HCD-HMSn
0	882	2.8779	2	42486	17388	118.0651	12.84	2	14	HCD-HMSn
0	883	2.8791	2	7.0699E+07	5.6663E+07	195.0876	400.1	4	14	HCD-HMSn
0	884	2.8812	1	1.6055E+08	7.6839E+07	195.0866	6172	955	955	HMS
0	885	2.8899	2	25998	12801	243.1201	11.94	2	10	HCD-HMSn
0	886	2.8924	2	262766	108301	146.0599	42.46	8	28	HCD-HMSn
0	887	2.8945	2	84855	20122	72.9372	8.858	5	13	HCD-HMSn
0	888	2.8970	2	79288	25962	163.0387	21.73	6	19	HCD-HMSn
0	889	2.8995	2	285589	122538	153.0181	88.17	4	29	HCD-HMSn
0	890	2.9020	2	34434	8233.1	140.068	8.294	4	18	HCD-HMSn
0	891	2.9045	2	90057	74010	122.0964	61.99	2	11	HCD-HMSn
0	892	2.9070	2	26267	13543	74.9377	11.7	3	8	HCD-HMSn
0	893	2.9090	1	9.9223E+07	2.3454E+07	195.0869	2252	1085	1085	HMS
0	894	2.9178	2	49472	18134	68.9971	12.55	4	18	HCD-HMSn
0	895	2.9203	2	60536	46773	349.0889	40.26	3	9	HCD-HMSn
0	896	2.9228	2	87984	55366	97.0076	45.64	5	16	HCD-HMSn
0	897	2.9253	2	93723	28622	71.0856	24.36	4	13	HCD-HMSn
0	898	2.9278	2	65095	28587	153.0179	20.85	5	15	HCD-HMSn
0	899	2.9303	2	87913	32710	125.0429	25.07	6	20	HCD-HMSn
0	900	2.9328	2	105156	80234	367.1209	71.48	3	9	HCD-HMSn
0	901	2.9353	2	70975	24364	130.0651	22.02	7	14	HCD-HMSn
0	902	2.9373	1	1.0314E+08	1.2857E+07	195.087	1272	1212	1212	HMS
0	903	2.9461	2	75135	29893	135.0441	25.65	5	11	HCD-HMSn
0	904	2.9486	2	47117	21410	84.0556	17.86	3	13	HCD-HMSn
0	905	2.9506	1	8.7091E+07	1.0047E+07	195.087	1066	1161	1161	HMS
0	906	2.9594	2	194112	66165	163.0387	36.6	7	24	HCD-HMSn
0	907	2.9619	2	7259.4	2167.7	241.1954	2.107	1	6	HCD-HMSn
0	908	2.9643	2	42299	15351	70.9417	12.93	3	16	HCD-HMSn
0	909	2.9668	2	161781	64156	56.965	31.56	6	18	HCD-HMSn
0	910	2.9693	2	214898	87128	140.0342	47.15	8	21	HCD-HMSn
0	911	2.9713	1	7.8759E+07	7.9277E+06	195.0871	895.6	1168	1168	HMS
0	912	2.9801	2	112679	40998	163.0388	28.83	8	30	HCD-HMSn
0	913	2.9827	2	201637	165374	377.0839	99.38	3	17	HCD-HMSn
0	914	2.9852	2	108601	55168	163.0388	28.12	2	23	HCD-HMSn
0	915	2.9872	1	7.3561E+07	7.2228E+06	355.1013	811.4	1103	1103	HMS
0	916	2.9960	2	52696	20480	235.1691	17.54	5	21	HCD-HMSn
0	917	2.9985	2	99844	55584	445.0738	33.58	3	15	HCD-HMSn
0	918	3.0005	1	7.1703E+07	7.1503E+06	355.1013	817.8	1112	1112	HMS
0	919	3.0093	2	49195	14049	122.0191	9.063	6	12	HCD-HMSn
0	920	3.0118	2	70977	20202	148.9769	15.77	7	20	HCD-HMSn
0	921	3.0143	2	7590.1	1469.4	62.3923	1.624	0	7	HCD-HMSn
0	922	3.0168	2	249018	90457	249.0755	53.7	11	24	HCD-HMSn
0	923	3.0193	2	115148	59248	235.1691	39.77	5	17	HCD-HMSn
0	924	3.0218	2	54850	22330	88.0216	20.83	2	12	HCD-HMSn
0	925	3.0238	1	6.4477E+07	6.4001E+06	355.1014	773.1	1122	1122	HMS
0	926	3.0326	2	16062	2709.1	393.0574	2.35	1	12	HCD-HMSn
0	927	3.0351	2	43546	14267	163.0387	12.31	3	17	HCD-HMSn
0	928	3.0376	2	266899	174527	179.0337	73.85	6	20	HCD-HMSn
0	929	3.0401	2	167516	87655	221.008	69.22	7	20	HCD-HMSn
0	930	3.0426	2	420286	106720	123.044	74.88	9	31	HCD-HMSn
0	931	3.0451	2	318082	132408	179.0337	90.14	9	31	HCD-HMSn
0	932	3.0472	1	7.3302E+07	6.4779E+06	355.1013	731.2	1194	1194	HMS
0	933	3.0576	1	7.2878E+07	5.9741E+06	355.1013	716.6	1255	1255	HMS
0	934	3.0664	2	434196	252293	72.9372	60.34	6	13	HCD-HMSn
0	935	3.0685	2	734580	503670	118.0862	332.3	6	20	HCD-HMSn
0	936	3.0710	2	41532	26535	237.0366	25.7	2	12	HCD-HMSn
0	937	3.0734	2	36886	8349.3	69.0334	5.943	4	15	HCD-HMSn
0	938	3.0759	2	84631	19611	113.9637	14.68	6	28	HCD-HMSn
0	939	3.0784	2	60342	11719	142.9668	10.39	5	27	HCD-HMSn
0	940	3.0809	2	202215	34275	242.9947	23	16	45	HCD-HMSn
0	941	3.0834	2	39508	20977	149.0232	21.42	2	14	HCD-HMSn
0	942	3.0854	1	8.3076E+07	6.0842E+06	215.0543	679.2	1289	1289	HMS
0	943	3.0942	2	54220	15416	98.9841	13.06	5	19	HCD-HMSn
0	944	3.0967	2	263675	34082	56.965	18.25	19	56	HCD-HMSn
0	945	3.0992	2	296303	115612	164.0421	55.88	9	29	HCD-HMSn
0	946	3.1017	2	261092	122205	180.0371	68.74	10	29	HCD-HMSn
0	947	3.1042	2	320820	105483	164.0421	40.35	9	31	HCD-HMSn
0	948	3.1067	2	198047	65358	304.053	41.33	9	31	HCD-HMSn
0	949	3.1091	2	184693	15755	113.9636	10.11	17	53	HCD-HMSn
0	950	3.1116	2	87093	17307	72.9372	14.27	10	21	HCD-HMSn
0	951	3.1136	1	9.6586E+07	1.0009E+07	215.0542	1049	1356	1356	HMS
0	952	3.1224	2	46502	9206.1	105.0033	6.165	5	21	HCD-HMSn
0	953	3.1249	2	393140	156593	87.004	60.27	11	28	HCD-HMSn
0	954	3.1274	2	40292	10830	122.0193	6.978	5	14	HCD-HMSn
0	955	3.1299	2	23145	8419.8	179.0335	7.698	2	11	HCD-HMSn
0	956	3.1324	2	38133	3945.1	179.0337	3.316	4	23	HCD-HMSn
0	957	3.1349	2	275192	100313	177.0545	41.15	8	20	HCD-HMSn
0	958	3.1374	2	32824	4507.1	113.9637	3.779	5	19	HCD-HMSn
0	959	3.1399	2	107182	26531	221.0081	19.42	10	27	HCD-HMSn
0	960	3.1419	1	9.0491E+07	8.4923E+06	215.0542	901.4	1257	1257	HMS
0	961	3.1507	2	129530	14082	56.965	7.79	11	39	HCD-HMSn
0	962	3.1532	2	153668	66900	324.0898	36.41	6	25	HCD-HMSn
0	963	3.1557	2	117833	13385	113.9638	7.476	10	34	HCD-HMSn
0	964	3.1577	1	8.083E+07	8.4116E+06	423.0909	908.5	1218	1218	HMS
0	965	3.1665	2	52812	29488	68.9971	28.47	3	8	HCD-HMSn
0	966	3.1690	2	144478	58442	109.0285	30.29	5	24	HCD-HMSn
0	967	3.1715	2	47118	17712	163.0389	14.65	5	17	HCD-HMSn
0	968	3.1740	2	142985	20993	240.028	12.77	13	43	HCD-HMSn
0	969	3.1765	2	112005	31671	248.0144	20.11	10	39	HCD-HMSn
0	970	3.1785	1	7.2119E+07	1.2809E+07	423.0909	1413	1133	1133	HMS
0	971	3.1873	2	296850	93595	171.0652	45.4	9	24	HCD-HMSn
0	972	3.1897	2	124256	72587	88.0757	43.82	4	14	HCD-HMSn
0	973	3.1918	1	8.3331E+07	1.9978E+07	423.0908	2193	1141	1141	HMS
0	974	3.2005	2	245242	121568	125.0025	74.72	5	23	HCD-HMSn
0	975	3.2030	2	363148	167382	188.0706	93.78	10	24	HCD-HMSn
0	976	3.2055	2	3.7633E+06	2.6918E+06	303.0494	692.6	16	45	HCD-HMSn
0	977	3.2080	2	961639	903763	273.0391	554	5	22	HCD-HMSn
0	978	3.2106	2	272650	164703	404.7933	81.06	6	19	HCD-HMSn
0	979	3.2131	2	287415	104290	171.0652	67.26	9	30	HCD-HMSn
0	980	3.2156	2	358555	43467	303.0496	17.47	20	70	HCD-HMSn
0	981	3.2181	2	2.7094E+06	650019	273.0391	136.9	26	68	HCD-HMSn
0	982	3.2201	1	1.1001E+08	4.4199E+07	423.0904	4223	994	994	HMS
0	983	3.2289	2	1.4224E+06	1.1217E+06	195.0876	462.9	7	20	HCD-HMSn
0	984	3.2314	2	285914	54354	128.9507	25.07	14	37	HCD-HMSn
0	985	3.2339	2	83950	24468	113.9637	18.25	7	23	HCD-HMSn
0	986	3.2364	2	612995	461879	144.0806	217.2	9	26	HCD-HMSn
0	987	3.2389	2	425721	41336	306.0576	18.85	24	58	HCD-HMSn
0	988	3.2414	2	3.4456E+06	1.4855E+06	299.0546	336.7	12	41	HCD-HMSn
0	989	3.2439	2	389875	105536	144.0806	65.42	11	28	HCD-HMSn
0	990	3.2464	2	87604	29338	88.0042	15.64	6	22	HCD-HMSn
0	991	3.2484	1	1.6218E+08	8.2939E+07	423.0898	7344	941	941	HMS
0	992	3.2572	2	81540	16428	87.004	6.824	5	16	HCD-HMSn
0	993	3.2592	2	908470	476968	188.0705	168.9	9	24	HCD-HMSn
0	994	3.2617	2	100612	77081	377.0839	59.41	3	14	HCD-HMSn
0	995	3.2641	2	324009	262239	144.0806	138.2	7	18	HCD-HMSn
0	996	3.2666	2	222568	56640	171.149	37.62	10	27	HCD-HMSn
0	997	3.2691	2	40798	6686.9	148.9768	4.996	6	14	HCD-HMSn
0	998	3.2716	2	88017	10094	303.0493	5.743	8	28	HCD-HMSn
0	999	3.2741	2	87999	10526	240.0267	6.135	7	29	HCD-HMSn
0	1000	3.2761	1	2.332E+08	1.3526E+08	423.0895	9786	788	788	HMS
0	1001	3.2849	2	1.1776E+06	610119	146.0598	451.6	11	28	HCD-HMSn
0	1002	3.2874	2	139655	87981	170.0962	30.72	4	11	HCD-HMSn
0	1003	3.2899	2	681864	513545	261.0389	341.7	8	26	HCD-HMSn
0	1004	3.2923	2	1.6869E+06	1.1977E+06	285.0391	585.4	12	32	HCD-HMSn
0	1005	3.2949	2	3.7936E+06	1.1053E+06	273.0389	205.8	29	84	HCD-HMSn
0	1006	3.2973	2	84496	40836	71.0291	16.86	4	17	HCD-HMSn
0	1007	3.2992	1	3.5043E+08	2.1394E+08	423.0899	8121	464	464	HMS
0	1008	3.3079	2	416123	181041	163.0388	146.8	8	23	HCD-HMSn
0	1009	3.3104	2	27101	4703.7	72.9371	4.995	4	15	HCD-HMSn
0	1010	3.3123	1	3.4417E+08	2.0591E+08	423.0896	9170	522	522	HMS
0	1011	3.3211	2	277341	238212	163.0388	211.4	3	22	HCD-HMSn
0	1012	3.3235	2	56987	15914	113.9638	10.44	7	15	HCD-HMSn
0	1013	3.3260	2	596532	472616	261.0389	273.5	7	19	HCD-HMSn
0	1014	3.3276	2	2.1215E+06	1.3357E+06	145.0841	327.4	10	28	HCD-HMSn
0	1015	3.3302	2	3.242E+06	2.2971E+06	299.0541	538	13	37	HCD-HMSn
0	1016	3.3324	2	1.999E+06	1.2503E+06	145.084	320.4	13	34	HCD-HMSn
0	1017	3.3349	2	103683	25460	276.0479	12.3	6	21	HCD-HMSn
0	1018	3.3367	1	3.3038E+08	1.9027E+08	423.0899	6628	410	410	HMS
0	1019	3.3455	2	1.6457E+08	3.669E+07	273.0391	75.97	18	41	HCD-HMSn
0	1020	3.3480	2	582632	172682	113.9636	101.2	10	36	HCD-HMSn
0	1021	3.3498	1	3.7225E+08	2.0999E+08	423.0895	8299	486	486	HMS
0	1022	3.3586	2	3.1569E+06	958543	369.0598	179.3	24	73	HCD-HMSn
0	1023	3.3611	2	44244	22415	105.0698	16.11	5	11	HCD-HMSn
0	1024	3.3636	2	296641	76886	146.0876	39.43	7	27	HCD-HMSn
0	1025	3.3649	2	1.9689E+08	4.5392E+07	273.039	109.4	20	54	HCD-HMSn
0	1026	3.3667	1	3.2616E+08	1.812E+08	423.0898	7884	493	493	HMS
0	1027	3.3755	2	393619	338469	124.0393	232.2	4	9	HCD-HMSn
0	1028	3.3780	2	70859	44834	163.0387	19.23	2	11	HCD-HMSn
0	1029	3.3798	1	2.9308E+08	1.6274E+08	423.0899	7440	482	482	HMS
0	1030	3.3902	1	2.8381E+08	1.5691E+08	423.0897	8431	537	537	HMS
0	1031	3.3990	2	185829	147949	145.0842	117.2	5	19	HCD-HMSn
0	1032	3.4024	2	108237	31065	111.044	15.34	5	13	HCD-HMSn
0	1033	3.4043	1	2.8585E+08	1.5834E+08	423.0894	8348	614	614	HMS
0	1034	3.4147	1	2.8546E+08	1.5775E+08	423.0894	8697	696	696	HMS
0	1035	3.4235	2	42409	8359.1	84.9597	7.807	4	21	HCD-HMSn
0	1036	3.4260	2	70447	52460	122.0964	53.97	2	16	HCD-HMSn
0	1037	3.4285	2	302258	52040	214.9635	26.8	17	57	HCD-HMSn
0	1038	3.4310	2	10866	1783	461.0402	1.447	0	8	HCD-HMSn
0	1039	3.4335	2	100357	30915	146.06	27.05	8	20	HCD-HMSn
0	1040	3.4354	1	2.3867E+08	1.1307E+08	423.0898	6365	652	652	HMS
0	1041	3.4442	2	96025	26599	71.0855	20.2	5	14	HCD-HMSn
0	1042	3.4478	2	104800	95482	65.0386	90.96	2	8	HCD-HMSn
0	1043	3.4503	2	234916	181822	110.0362	88.01	4	18	HCD-HMSn
0	1044	3.4528	2	197044	99344	243.0174	58.61	5	16	HCD-HMSn
0	1045	3.4547	1	3.0862E+08	1.2735E+08	423.0897	5679	624	624	HMS
0	1046	3.4651	1	3.3296E+08	1.2307E+08	423.0896	5106	659	659	HMS
0	1047	3.4739	2	666155	362854	243.0174	243.5	12	43	HCD-HMSn
0	1048	3.4764	2	148371	20736	263.9951	11.91	9	32	HCD-HMSn
0	1049	3.4789	2	418489	205433	151.0389	62.86	6	30	HCD-HMSn
0	1050	3.4814	2	140529	67945	243.0174	52.67	7	20	HCD-HMSn
0	1051	3.4839	2	413774	167203	151.0388	91.71	8	27	HCD-HMSn
0	1052	3.4864	2	207367	63486	151.0389	27.58	6	32	HCD-HMSn
0	1053	3.4889	2	44401	20446	140.0682	17.81	2	8	HCD-HMSn
0	1054	3.4914	2	138593	68383	243.0175	60.02	6	18	HCD-HMSn
0	1055	3.4933	1	3.3619E+08	1.32E+08	169.0486	5078	616	616	HMS
0	1056	3.5021	2	177256	28965	240.0164	12.99	10	38	HCD-HMSn
0	1057	3.5045	2	108534	35063	84.9597	31.98	6	18	HCD-HMSn
0	1058	3.5070	2	448721	235179	243.0174	148.3	11	33	HCD-HMSn
0	1059	3.5091	2	892660	202255	305.0552	75.24	21	70	HCD-HMSn
0	1060	3.5116	2	1.2284E+06	661198	243.0174	295.3	13	52	HCD-HMSn
0	1061	3.5141	2	429799	190054	151.0388	92.98	7	28	HCD-HMSn
0	1062	3.5167	2	319487	101344	408.0131	55.25	10	34	HCD-HMSn
0	1063	3.5192	2	2.4667E+06	2.1974E+06	273.039	680.2	10	27	HCD-HMSn
0	1064	3.5210	1	3.3056E+08	1.5906E+08	169.0485	6719	676	676	HMS
0	1065	3.5299	2	1.709E+06	1.0696E+06	445.0735	155	7	19	HCD-HMSn
0	1066	3.5311	2	8.1302E+07	2.1621E+07	93.0335	192.9	8	26	HCD-HMSn
0	1067	3.5335	2	138321	52071	271.0598	45.55	6	21	HCD-HMSn
0	1068	3.5360	2	33635	18565	134.06	17.2	3	10	HCD-HMSn
0	1069	3.5385	2	22541	5758.5	151.0389	3.382	2	9	HCD-HMSn
0	1070	3.5410	2	2.8265E+06	1.0596E+06	111.0439	293	11	38	HCD-HMSn
0	1071	3.5429	1	2.5819E+08	1.2385E+08	169.0486	6794	738	738	HMS
0	1072	3.5517	2	45588	6906.1	227.0791	4.783	3	21	HCD-HMSn
0	1073	3.5542	2	232289	110251	243.0173	80.08	8	22	HCD-HMSn
0	1074	3.5567	2	72886	39079	56.965	9.992	2	9	HCD-HMSn
0	1075	3.5579	2	6.4605E+06	1.3313E+06	126.063	41.48	11	21	HCD-HMSn
0	1076	3.5604	2	51342	20559	111.0384	20.87	5	19	HCD-HMSn
0	1077	3.5629	2	518154	372455	144.0806	95.3	7	25	HCD-HMSn
0	1078	3.5641	2	6.6223E+07	1.7268E+07	93.0335	141.1	7	23	HCD-HMSn
0	1079	3.5660	1	2.1215E+08	1.0075E+08	169.0485	6649	819	819	HMS
0	1080	3.5748	2	216534	102725	72.9372	81.06	6	16	HCD-HMSn
0	1081	3.5784	2	36853	18897	84.0557	18.45	4	10	HCD-HMSn
0	1082	3.5804	1	1.6562E+08	7.691E+07	169.0486	6068	866	866	HMS
0	1083	3.5892	2	427678	300605	118.0862	275	5	15	HCD-HMSn
0	1084	3.5928	2	57443	15330	113.9636	10.39	6	18	HCD-HMSn
0	1085	3.5953	2	125618	53528	56.965	42.59	6	18	HCD-HMSn
0	1086	3.5973	1	1.382E+08	5.3122E+07	169.0487	3997	960	960	HMS
0	1087	3.6061	2	3.313E+06	2.2813E+06	151.039	208.6	9	30	HCD-HMSn
0	1088	3.6086	2	51293	25024	149.0232	25.73	4	17	HCD-HMSn
0	1089	3.6111	2	67438	45635	293.0993	35.67	2	15	HCD-HMSn
0	1090	3.6136	2	98953	15904	257.9813	13.24	10	25	HCD-HMSn
0	1091	3.6156	1	1.2496E+08	4.337E+07	169.0488	3729	1029	1029	HMS
0	1092	3.6261	1	1.1237E+08	3.822E+07	169.0488	3959	1049	1049	HMS
0	1093	3.6349	2	152892	88719	110.0362	42.82	8	24	HCD-HMSn
0	1094	3.6374	2	35670	16715	232.0394	13.7	2	14	HCD-HMSn
0	1095	3.6398	2	30422	11137	70.9419	9.361	2	13	HCD-HMSn
0	1096	3.6423	2	29745	7304.2	74.9376	6.641	3	14	HCD-HMSn
0	1097	3.6448	2	29816	10747	122.0194	8.212	4	10	HCD-HMSn
0	1098	3.6473	2	90553	57312	235.1691	52.45	3	16	HCD-HMSn
0	1099	3.6493	1	9.9697E+07	2.8157E+07	169.0489	2818	1094	1094	HMS
0	1100	3.6581	2	30566	10990	122.0191	8.71	4	11	HCD-HMSn
0	1101	3.6606	2	126307	15916	173.0654	8.446	9	36	HCD-HMSn
0	1102	3.6625	2	81700	17176	72.9371	10.44	7	14	HCD-HMSn
0	1103	3.6650	2	463828	189911	87.004	85.14	13	35	HCD-HMSn
0	1104	3.6675	2	700852	479729	195.0876	284.6	12	44	HCD-HMSn
0	1105	3.6700	2	27700	10535	94.0653	10.5	2	12	HCD-HMSn
0	1106	3.6724	2	78439	17819	142.5625	16.57	8	29	HCD-HMSn
0	1107	3.6749	2	31741	14703	163.0388	13.54	3	12	HCD-HMSn
0	1108	3.6770	1	8.7352E+07	2.2523E+07	169.0489	2268	1083	1083	HMS
0	1109	3.6858	2	186520	19935	240.0282	11.92	17	51	HCD-HMSn
0	1110	3.6882	2	31309	14881	68.9971	14.55	2	12	HCD-HMSn
0	1111	3.6903	1	8.719E+07	2.2818E+07	169.0489	2295	1085	1085	HMS
0	1112	3.6990	2	143349	39371	248.0143	20	6	42	HCD-HMSn
0	1113	3.7015	2	92253	16003	173.0651	9.885	8	28	HCD-HMSn
0	1114	3.7036	1	7.9726E+07	1.839E+07	169.0489	2050	1115	1115	HMS
0	1115	3.7123	2	222901	105889	125.0025	69.16	7	24	HCD-HMSn
0	1116	3.7149	2	750668	354818	321.0061	110.4	10	44	HCD-HMSn
0	1117	3.7174	2	125335	67014	88.0757	46.78	4	16	HCD-HMSn
0	1118	3.7198	2	112838	12537	163.0387	8.166	12	34	HCD-HMSn
0	1119	3.7219	1	7.3966E+07	1.5516E+07	169.049	1695	1073	1073	HMS
0	1120	3.7307	2	613314	367568	195.0876	156.5	11	39	HCD-HMSn
0	1121	3.7332	2	1.3098E+06	960380	303.0496	565.1	15	32	HCD-HMSn
0	1122	3.7357	2	129128	14165	150.0624	10.69	12	43	HCD-HMSn
0	1123	3.7377	1	8.0727E+07	1.7943E+07	169.0489	1963	1129	1129	HMS
0	1124	3.7465	2	677156	483927	195.0875	300.8	9	41	HCD-HMSn
0	1125	3.7489	2	287204	55318	128.9507	28.67	11	39	HCD-HMSn
0	1126	3.7514	2	101848	27606	113.9636	19.3	8	23	HCD-HMSn
0	1127	3.7539	2	163603	37443	158.0963	17.54	10	35	HCD-HMSn
0	1128	3.7564	2	48622	14779	98.9842	9.982	5	15	HCD-HMSn
0	1129	3.7589	2	310110	287393	273.0391	236.9	3	13	HCD-HMSn
0	1130	3.7609	1	7.2859E+07	1.4835E+07	169.049	1692	1116	1116	HMS
0	1131	3.7697	2	159292	33513	87.004	11.68	8	23	HCD-HMSn
0	1132	3.7722	2	270284	146232	188.0705	109.4	8	24	HCD-HMSn
0	1133	3.7747	2	126923	42651	88.0042	18.17	7	23	HCD-HMSn
0	1134	3.7767	1	7.5454E+07	1.3549E+07	169.049	1514	1153	1153	HMS
0	1135	3.7855	2	303550	55948	171.1491	24.46	14	40	HCD-HMSn
0	1136	3.7880	2	132983	102708	377.084	80.04	5	16	HCD-HMSn
0	1137	3.7905	2	54574	12909	125.961	12.58	6	14	HCD-HMSn
0	1138	3.7925	1	7.638E+07	1.327E+07	169.049	1458	1153	1153	HMS
0	1139	3.8013	2	274987	132982	146.0599	95.11	6	20	HCD-HMSn
0	1140	3.8038	2	714710	177780	112.0473	37.2	11	24	HCD-HMSn
0	1141	3.8058	1	7.335E+07	1.2666E+07	169.049	1444	1143	1143	HMS
0	1142	3.8146	2	487998	212849	163.0387	150.3	8	20	HCD-HMSn
0	1143	3.8171	2	166632	80667	71.0291	47.03	7	29	HCD-HMSn
0	1144	3.8196	2	162884	16005	152.06	10.26	15	34	HCD-HMSn
0	1145	3.8221	2	32376	6187.2	225.0371	6.182	4	17	HCD-HMSn
0	1146	3.8241	1	6.3943E+07	1.0645E+07	169.049	1255	1083	1083	HMS
0	1147	3.8329	2	367917	319991	163.0388	264.4	5	22	HCD-HMSn
0	1148	3.8354	2	62841	10235	55.9346	6.992	8	20	HCD-HMSn
0	1149	3.8379	2	242537	79402	140.0468	64.59	7	22	HCD-HMSn
0	1150	3.8399	1	6.9209E+07	1.1138E+07	169.049	1259	1115	1115	HMS
0	1151	3.8487	2	7.4738E+06	1.6833E+06	273.039	83.69	18	44	HCD-HMSn
0	1152	3.8512	2	105915	40897	113.9637	27.46	5	16	HCD-HMSn
0	1153	3.8537	2	119875	80909	144.0807	57.23	5	15	HCD-HMSn
0	1154	3.8562	2	139710	67829	261.1846	44.02	6	19	HCD-HMSn
0	1155	3.8587	2	128337	13601	139.0026	6.602	11	35	HCD-HMSn
0	1156	3.8612	2	242434	70247	140.0468	31.82	6	16	HCD-HMSn
0	1157	3.8632	1	6.6628E+07	1.0425E+07	169.049	1192	1109	1109	HMS
0	1158	3.8720	2	763033	364738	87.004	118.2	12	36	HCD-HMSn
0	1159	3.8745	2	110443	40575	248.1278	35.91	4	10	HCD-HMSn
0	1160	3.8770	2	605932	309687	321.0061	81.2	11	41	HCD-HMSn
0	1161	3.8795	2	59284	14957	130.0651	14.55	6	15	HCD-HMSn
0	1162	3.8815	1	6.6296E+07	1.0029E+07	169.049	1164	1152	1152	HMS
0	1163	3.8903	2	421332	352471	124.0393	325.2	4	16	HCD-HMSn
0	1164	3.8928	2	113812	59063	163.0388	37.43	6	20	HCD-HMSn
0	1165	3.8953	2	71046	15635	97.0076	10.4	7	18	HCD-HMSn
0	1166	3.8978	2	70343	48690	97.0076	52.72	4	11	HCD-HMSn
0	1167	3.9002	2	53072	23536	88.0216	22.97	2	8	HCD-HMSn
0	1168	3.9023	1	7.0231E+07	1.0739E+07	169.049	1235	1223	1223	HMS
0	1169	3.9110	2	20404	6100.5	122.0193	6.442	2	14	HCD-HMSn
0	1170	3.9147	2	172027	49161	385.1391	27.03	8	31	HCD-HMSn
0	1171	3.9172	2	33255	10603	141.037	8.982	4	14	HCD-HMSn
0	1172	3.9197	2	96723	9078.6	106.065	5.47	9	36	HCD-HMSn
0	1173	3.9222	2	50079	37656	163.0387	33.65	1	12	HCD-HMSn
0	1174	3.9242	1	6.5232E+07	9.2448E+06	169.049	1050	1143	1143	HMS
0	1175	3.9330	2	147655	41978	111.044	36.75	8	20	HCD-HMSn
0	1176	3.9355	2	48216	18900	84.9597	13.19	4	14	HCD-HMSn
0	1177	3.9380	2	36440	24550	149.0232	23.07	2	11	HCD-HMSn
0	1178	3.9400	1	6.9984E+07	9.4459E+06	169.049	1055	1156	1156	HMS
0	1179	3.9488	2	103486	32832	71.0856	27.76	4	18	HCD-HMSn
0	1180	3.9513	2	107659	90147	122.0964	65.21	2	11	HCD-HMSn
0	1181	3.9538	2	80689	15802	88.0214	9.269	7	28	HCD-HMSn
0	1182	3.9563	2	49615	8360.7	129.0545	5.213	7	17	HCD-HMSn
0	1183	3.9588	2	28515	4727.6	393.0568	4.046	2	19	HCD-HMSn
0	1184	3.9608	1	7.5539E+07	8.952E+06	169.049	1050	1210	1210	HMS
0	1185	3.9713	1	7.278E+07	9.7534E+06	163.0384	1122	1158	1158	HMS
0	1186	3.9801	2	80197	16825	73.0285	11.09	7	30	HCD-HMSn
0	1187	3.9826	2	327377	259413	377.0838	163	7	21	HCD-HMSn
0	1188	3.9852	2	138000	19947	200.9844	9.308	9	31	HCD-HMSn
0	1189	3.9877	2	361098	95964	348.0169	27.06	11	31	HCD-HMSn
0	1190	3.9902	2	71324	26434	135.044	23.58	6	13	HCD-HMSn
0	1191	3.9927	2	58052	13638	228.9795	9.009	8	18	HCD-HMSn
0	1192	3.9947	1	9.1562E+07	1.3366E+07	163.0383	1337	1190	1190	HMS
0	1193	4.0035	2	36849	12859	140.0681	11.54	2	13	HCD-HMSn
0	1194	4.0060	2	195180	95652	163.0388	66.33	10	35	HCD-HMSn
0	1195	4.0085	2	229422	56529	321.192	26.99	12	28	HCD-HMSn
0	1196	4.0110	2	121877	53418	163.0387	38.34	11	29	HCD-HMSn
0	1197	4.0135	2	44513	17507	163.039	13.62	4	17	HCD-HMSn
0	1198	4.0160	2	83299	42969	163.0388	34.2	6	19	HCD-HMSn
0	1199	4.0180	1	8.0969E+07	1.2567E+07	163.0383	1389	1169	1169	HMS
0	1200	4.0268	2	79871	25030	84.9597	16.36	5	16	HCD-HMSn
0	1201	4.0293	2	70821	13628	426.0237	8.17	5	26	HCD-HMSn
0	1202	4.0318	2	108127	35340	163.0387	22.49	7	35	HCD-HMSn
0	1203	4.0339	1	7.7616E+07	1.1246E+07	163.0384	1267	1145	1145	HMS
0	1204	4.0427	2	233695	138265	445.0735	72.05	7	21	HCD-HMSn
0	1205	4.0463	2	182279	65928	261.1846	49.81	7	23	HCD-HMSn
0	1206	4.0488	2	201053	22202	73.0285	11.55	15	59	HCD-HMSn
0	1207	4.0508	1	7.502E+07	8.8596E+06	163.0384	1008	1201	1201	HMS
0	1208	4.0613	1	6.8311E+07	7.4801E+06	169.049	893.9	1191	1191	HMS
0	1209	4.0700	2	3.6082E+06	1.0047E+06	111.044	114.5	7	19	HCD-HMSn
0	1210	4.0725	2	218228	61664	163.0387	32.96	10	42	HCD-HMSn
0	1211	4.0746	1	6.3836E+07	7.6915E+06	169.049	915.8	1203	1203	HMS
0	1212	4.0833	2	456018	270938	72.9372	86.99	6	14	HCD-HMSn
0	1213	4.0858	2	179798	60957	148.0503	41.16	10	26	HCD-HMSn
0	1214	4.0883	2	32662	13066	84.0444	7.044	2	9	HCD-HMSn
0	1215	4.0908	2	17807	3389.9	61.805	3.364	1	15	HCD-HMSn
0	1216	4.0933	2	124997	88544	295.0936	70.44	4	11	HCD-HMSn
0	1217	4.0953	1	5.4207E+07	6.0069E+06	169.0491	754.7	1130	1130	HMS
0	1218	4.1041	2	415386	301608	118.0861	254.2	5	12	HCD-HMSn
0	1219	4.1066	2	119603	45763	113.9637	36.08	7	26	HCD-HMSn
0	1220	4.1086	1	5.4815E+07	6.401E+06	169.0491	776.7	1183	1183	HMS
0	1221	4.1174	2	423137	277825	151.039	179.6	11	33	HCD-HMSn
0	1222	4.1198	2	204887	83919	56.965	71.29	8	26	HCD-HMSn
0	1223	4.1219	1	5.0462E+07	6.0166E+06	169.0491	803.5	1184	1184	HMS
0	1224	4.1307	2	618388	270586	295.0934	217.2	5	22	HCD-HMSn
0	1225	4.1332	2	453604	132852	188.0705	49.64	15	36	HCD-HMSn
0	1226	4.1352	1	5.5482E+07	6.869E+06	169.0491	806.2	1163	1163	HMS
0	1227	4.1440	2	89675	18878	110.0361	9.13	5	26	HCD-HMSn
0	1228	4.1465	2	900130	125690	274.0424	55.39	26	81	HCD-HMSn
0	1229	4.1485	1	5.6455E+07	6.8803E+06	169.0491	850.5	1216	1216	HMS
0	1230	4.1573	2	32457	11504	70.9418	10.42	2	12	HCD-HMSn
0	1231	4.1598	2	166180	104796	179.0338	84.94	6	20	HCD-HMSn
0	1232	4.1623	2	31217	9863.1	74.9377	9.143	4	12	HCD-HMSn
0	1233	4.1648	2	252020	204976	147.0439	174.2	3	18	HCD-HMSn
0	1234	4.1673	2	338059	239845	164.0162	205.9	7	18	HCD-HMSn
0	1235	4.1693	1	5.6983E+07	6.2334E+06	169.0491	778	1207	1207	HMS
0	1236	4.1781	2	222346	101695	119.0492	88.85	3	11	HCD-HMSn
0	1237	4.1797	2	94389	19481	56.9424	9.886	5	18	HCD-HMSn
0	1238	4.1822	2	49549	19283	84.0557	11.21	3	14	HCD-HMSn
0	1239	4.1847	2	250719	135437	163.0388	41.98	6	18	HCD-HMSn
0	1240	4.1872	2	186693	145933	361.089	82.37	5	14	HCD-HMSn
0	1241	4.1897	2	269069	111604	182.0268	73.47	9	27	HCD-HMSn
0	1242	4.1917	1	5.876E+07	5.2644E+06	169.0491	624.2	1117	1117	HMS
0	1243	4.2005	2	71457	8353.8	240.0285	7.06	11	30	HCD-HMSn
0	1244	4.2042	2	102035	38816	147.044	32.87	7	29	HCD-HMSn
0	1245	4.2066	2	118163	43693	95.0491	25.68	5	19	HCD-HMSn
0	1246	4.2091	2	43678	11649	122.0191	8.613	4	15	HCD-HMSn
0	1247	4.2112	1	6.8991E+07	6.1009E+06	169.049	677.5	1182	1182	HMS
0	1248	4.2199	2	231555	112199	125.0025	95.47	7	29	HCD-HMSn
0	1249	4.2224	2	198441	94679	170.0599	84.24	4	18	HCD-HMSn
0	1250	4.2244	1	7.3045E+07	6.1198E+06	339.1065	637	1175	1175	HMS
0	1251	4.2332	2	298880	208416	164.0163	95.47	6	17	HCD-HMSn
0	1252	4.2357	2	131059	36795	147.0439	20.96	6	23	HCD-HMSn
0	1253	4.2382	2	136524	74013	88.0757	54.2	4	18	HCD-HMSn
0	1254	4.2407	2	138592	51748	91.0543	21.06	4	13	HCD-HMSn
0	1255	4.2432	2	21544	6039.1	163.0388	5.54	3	13	HCD-HMSn
0	1256	4.2457	2	418893	126154	146.0599	88.09	9	28	HCD-HMSn
0	1257	4.2482	2	76227	56204	377.0847	52.33	2	16	HCD-HMSn
0	1258	4.2507	2	158074	48601	147.0439	29.28	10	29	HCD-HMSn
0	1259	4.2527	1	7.1248E+07	7.0813E+06	339.1065	798.8	1220	1220	HMS
0	1260	4.2615	2	556546	282994	195.0876	142.3	6	21	HCD-HMSn
0	1261	4.2640	2	298223	57909	128.9507	21.84	12	36	HCD-HMSn
0	1262	4.2665	2	91148	59002	235.169	56.67	4	15	HCD-HMSn
0	1263	4.2690	2	102006	69299	361.089	51.42	3	20	HCD-HMSn
0	1264	4.2716	2	48137	21190	147.0439	16.23	3	15	HCD-HMSn
0	1265	4.2741	2	109188	73537	195.0287	57.1	4	15	HCD-HMSn
0	1266	4.2765	2	480661	256487	195.0876	166.3	6	17	HCD-HMSn
0	1267	4.2786	1	5.962E+07	5.7365E+06	169.0491	716	1230	1230	HMS
0	1268	4.2873	2	114270	25196	87.0041	6.884	6	14	HCD-HMSn
0	1269	4.2898	2	174376	75046	188.0706	57.68	7	22	HCD-HMSn
0	1270	4.2923	2	106453	25266	113.9637	15.87	8	25	HCD-HMSn
0	1271	4.2948	2	242076	48387	88.0042	22.1	14	35	HCD-HMSn
0	1272	4.2973	2	56946	16290	98.9841	11.8	6	16	HCD-HMSn
0	1273	4.2998	2	36357	10773	248.0145	8.579	1	19	HCD-HMSn
0	1274	4.3018	1	4.9271E+07	5.3968E+06	169.0491	677.9	1166	1166	HMS
0	1275	4.3106	2	224650	69724	171.1491	36.84	9	28	HCD-HMSn
0	1276	4.3131	2	60342	13534	125.9609	12.81	7	14	HCD-HMSn
0	1277	4.3156	2	238949	85302	146.06	59.27	8	26	HCD-HMSn
0	1278	4.3181	2	71001	55402	377.0841	42.17	2	10	HCD-HMSn
0	1279	4.3201	1	5.0701E+07	5.8224E+06	169.0491	696	1216	1216	HMS
0	1280	4.3289	2	473094	202987	163.0388	170.8	8	23	HCD-HMSn
0	1281	4.3314	2	183829	81919	71.0291	38.69	6	30	HCD-HMSn
0	1282	4.3339	2	363477	119682	170.0963	76.03	13	30	HCD-HMSn
0	1283	4.3359	1	4.7913E+07	5.1835E+06	169.0492	682.3	1245	1245	HMS
0	1284	4.3447	2	318587	275851	163.0388	255.7	3	22	HCD-HMSn
0	1285	4.3472	2	175964	51703	158.0963	32.09	8	32	HCD-HMSn
0	1286	4.3497	2	104568	15831	153.018	7.066	7	17	HCD-HMSn
0	1287	4.3522	2	100125	34482	152.0599	17.63	4	26	HCD-HMSn
0	1288	4.3543	1	4.409E+07	4.6992E+06	169.0491	621.3	1172	1172	HMS
0	1289	4.3631	2	2.1819E+06	494605	273.0391	95.18	20	48	HCD-HMSn
0	1290	4.3656	2	97936	36681	113.9637	32.03	5	14	HCD-HMSn
0	1291	4.3680	2	53504	10918	55.9346	6.52	6	17	HCD-HMSn
0	1292	4.3701	1	4.6736E+07	4.7177E+06	169.0492	622.5	1233	1233	HMS
0	1293	4.3788	2	1.5095E+06	448607	113.9636	123.5	13	51	HCD-HMSn
0	1294	4.3813	2	38478	15132	141.0548	10.35	3	11	HCD-HMSn
0	1295	4.3838	2	54091	23563	279.12	20.58	2	9	HCD-HMSn
0	1296	4.3858	1	4.6544E+07	4.2953E+06	169.0491	577.5	1239	1239	HMS
0	1297	4.3946	2	400372	319421	124.0393	219.1	4	17	HCD-HMSn
0	1298	4.3971	2	869911	344519	289.034	103	11	42	HCD-HMSn
0	1299	4.3996	2	221354	169638	309.0728	126	5	19	HCD-HMSn
0	1300	4.4021	2	93354	17738	155.0399	10.68	10	28	HCD-HMSn
0	1301	4.4042	1	4.9627E+07	4.7483E+06	169.0491	626.8	1290	1290	HMS
0	1302	4.4129	2	94169	26265	130.1591	14.78	5	17	HCD-HMSn
0	1303	4.4154	2	88378	22881	130.159	16.66	5	19	HCD-HMSn
0	1304	4.4179	2	142088	58506	309.0727	51.29	8	21	HCD-HMSn
0	1305	4.4205	2	528499	171094	287.0547	71.31	13	39	HCD-HMSn
0	1306	4.4230	2	560403	233728	202.0861	178.6	11	31	HCD-HMSn
0	1307	4.4255	2	62582	19714	89.0598	15.51	7	19	HCD-HMSn
0	1308	4.4280	2	22272	10941	357.0218	9.666	3	7	HCD-HMSn
0	1309	4.4304	2	39048	12284	81.0699	6.791	3	10	HCD-HMSn
0	1310	4.4325	1	5.2985E+07	3.716E+06	169.0491	438.9	1221	1221	HMS
0	1311	4.4413	2	150688	19734	246.5992	11.07	11	45	HCD-HMSn
0	1312	4.4437	2	90251	22598	125.0429	16.96	8	17	HCD-HMSn
0	1313	4.4462	2	20433	7631.9	122.0194	7.497	2	11	HCD-HMSn
0	1314	4.4487	2	4.1402E+06	2.7012E+06	160.0754	493.9	16	43	HCD-HMSn
0	1315	4.4512	2	659104	372730	459.0893	149.9	10	26	HCD-HMSn
0	1316	4.4538	2	573131	193030	318.0369	92.7	11	38	HCD-HMSn
0	1317	4.4563	2	66346	45088	241.0944	41.85	3	13	HCD-HMSn
0	1318	4.4588	2	123975	75356	292.0458	62.74	4	13	HCD-HMSn
0	1319	4.4608	1	1.1983E+08	2.6055E+07	219.1118	2394	989	989	HMS
0	1320	4.4696	2	139148	124675	122.0964	80.59	2	10	HCD-HMSn
0	1321	4.4721	2	37984	17122	84.9598	11.43	4	11	HCD-HMSn
0	1322	4.4746	2	1.0728E+07	3.5005E+06	287.0543	449.8	44	119	HCD-HMSn
0	1323	4.4771	2	462171	82723	255.0223	33.57	26	86	HCD-HMSn
0	1324	4.4796	2	1.0717E+07	3.537E+06	287.0543	613.5	40	119	HCD-HMSn
0	1325	4.4821	2	3.0549E+06	2.403E+06	160.0754	415.2	12	30	HCD-HMSn
0	1326	4.4846	2	426503	45262	258.0477	16.29	18	62	HCD-HMSn
0	1327	4.4858	2	6.7932E+07	2.0587E+07	287.0545	278.8	28	79	HCD-HMSn
0	1328	4.4877	1	2.9641E+08	8.3547E+07	219.1115	3974	662	662	HMS
0	1329	4.4965	2	1.0223E+07	7.0794E+06	317.0647	608.7	19	55	HCD-HMSn
0	1330	4.4990	2	5.0813E+06	3.2471E+06	287.0544	457	15	42	HCD-HMSn
0	1331	4.5015	2	728317	148151	295.0935	35.29	21	82	HCD-HMSn
0	1332	4.5040	2	429232	276653	132.0807	130.5	7	19	HCD-HMSn
0	1333	4.5065	2	1.3115E+06	517046	159.0914	221.4	17	47	HCD-HMSn
0	1334	4.5077	2	4.9878E+06	2.1463E+06	203.0895	93.43	9	27	HCD-HMSn
0	1335	4.5102	2	583155	79654	290.0628	17.2	17	50	HCD-HMSn
0	1336	4.5127	2	6.6928E+06	3.478E+06	313.07	914.7	25	71	HCD-HMSn
0	1337	4.5146	1	2.8938E+08	9.3095E+07	437.1054	4503	672	672	HMS
0	1338	4.5234	2	1.587E+07	3.6414E+06	288.0582	101.2	21	64	HCD-HMSn
0	1339	4.5259	2	126694	93840	144.0443	58.89	3	16	HCD-HMSn
0	1340	4.5284	2	240557	95531	204.0921	46.55	8	32	HCD-HMSn
0	1341	4.5309	2	390835	45707	287.0549	20.92	20	61	HCD-HMSn
0	1342	4.5335	2	75163	12579	287.0539	7.97	7	25	HCD-HMSn
0	1343	4.5360	2	1.8867E+06	686176	287.0547	117.6	20	54	HCD-HMSn
0	1344	4.5385	2	138311	15322	202.0205	10.07	12	43	HCD-HMSn
0	1345	4.5410	2	22304	11005	143.0729	11.56	1	11	HCD-HMSn
0	1346	4.5430	1	1.1936E+08	2.7416E+07	437.106	2526	1099	1099	HMS
0	1347	4.5517	2	299757	131251	125.0025	94.96	11	28	HCD-HMSn
0	1348	4.5543	2	78533	8504.6	287.055	4.655	6	28	HCD-HMSn
0	1349	4.5568	2	28425	10320	162.0816	9.338	4	13	HCD-HMSn
0	1350	4.5586	2	415049	116517	203.0896	41.89	12	26	HCD-HMSn
0	1351	4.5611	2	529791	183800	84.0444	112.8	10	22	HCD-HMSn
0	1352	4.5623	2	2.0717E+06	746152	202.0861	62.06	7	28	HCD-HMSn
0	1353	4.5648	2	168604	83888	149.096	30.23	6	14	HCD-HMSn
0	1354	4.5673	2	83192	29160	84.9597	19.34	5	13	HCD-HMSn
0	1355	4.5693	1	6.5238E+07	6.2749E+06	437.1067	723.3	1258	1258	HMS
0	1356	4.5781	2	1.6374E+06	532135	111.044	144	9	25	HCD-HMSn
0	1357	4.5806	2	33554	9240.7	74.9375	5.564	2	13	HCD-HMSn
0	1358	4.5831	2	171392	96674	313.0707	54.66	6	28	HCD-HMSn
0	1359	4.5856	2	1.0444E+06	290873	87.044	115.4	15	37	HCD-HMSn
0	1360	4.5881	2	621408	601454	254.0808	465.9	3	12	HCD-HMSn
0	1361	4.5906	2	139723	11097	202.0862	6.731	17	45	HCD-HMSn
0	1362	4.5931	2	177029	21079	180.0731	10.8	11	53	HCD-HMSn
0	1363	4.5956	2	38707	15460	140.0682	15.39	3	13	HCD-HMSn
0	1364	4.5976	1	5.1025E+07	3.3041E+06	437.1069	422.7	1210	1210	HMS
0	1365	4.6064	2	231120	80652	148.0504	58.89	11	33	HCD-HMSn
0	1366	4.6080	2	477531	281097	72.9372	74.21	6	15	HCD-HMSn
0	1367	4.6105	2	180751	93753	295.0936	56.35	6	23	HCD-HMSn
0	1368	4.6130	2	172901	95279	305.1142	51.49	5	28	HCD-HMSn
0	1369	4.6155	2	127858	26302	241.0855	21.53	6	17	HCD-HMSn
0	1370	4.6181	2	64071	43854	388.1575	37.68	2	16	HCD-HMSn
0	1371	4.6206	2	45754	10883	357.0611	5.815	5	14	HCD-HMSn
0	1372	4.6231	2	34428	7047.1	188.07	6.457	4	20	HCD-HMSn
0	1373	4.6251	1	4.7523E+07	3.3804E+06	98.5118	429.6	1266	1266	HMS
0	1374	4.6339	2	347013	249461	118.0862	183.6	4	16	HCD-HMSn
0	1375	4.6363	2	241418	140139	151.039	69.11	7	29	HCD-HMSn
0	1376	4.6388	2	111498	41281	113.9636	35.75	6	26	HCD-HMSn
0	1377	4.6413	2	1.1024E+06	179998	195.0874	55.02	28	79	HCD-HMSn
0	1378	4.6438	2	204489	88143	56.965	54.92	7	22	HCD-HMSn
0	1379	4.6463	2	110252	73642	261.1845	42.93	4	14	HCD-HMSn
0	1380	4.6488	2	148330	43739	446.1385	26.98	7	30	HCD-HMSn
0	1381	4.6513	2	156689	50590	160.0756	27.79	4	27	HCD-HMSn
0	1382	4.6534	1	5.9603E+07	4.794E+06	204.0888	555.9	1264	1264	HMS
0	1383	4.6621	2	77242	12806	105.0033	8.784	7	26	HCD-HMSn
0	1384	4.6647	2	171638	66522	295.0928	54.62	6	20	HCD-HMSn
0	1385	4.6671	2	13506	4289.8	71.0291	4.488	2	7	HCD-HMSn
0	1386	4.6692	1	5.5571E+07	3.8754E+06	204.0888	493.5	1262	1262	HMS
0	1387	4.6779	2	2.5403E+06	2.4233E+06	152.0162	759.3	6	20	HCD-HMSn
0	1388	4.6804	2	294879	61400	390.1447	28.4	14	46	HCD-HMSn
0	1389	4.6829	2	195487	30455	142.5625	17.78	14	52	HCD-HMSn
0	1390	4.6854	2	212121	158993	70.04	87.64	3	9	HCD-HMSn
0	1391	4.6879	2	117692	22346	163.0387	13.99	7	38	HCD-HMSn
0	1392	4.6904	2	83320	13002	281.1068	7.347	7	29	HCD-HMSn
0	1393	4.6929	2	113431	15206	88.0216	10.06	8	39	HCD-HMSn
0	1394	4.6954	2	59902	40622	318.0621	33.8	4	11	HCD-HMSn
0	1395	4.6975	1	5.0588E+07	7.1152E+06	152.0161	918.3	1272	1272	HMS
0	1396	4.7062	2	33070	13284	70.9418	14.37	3	11	HCD-HMSn
0	1397	4.7087	2	26629	8447.2	74.9377	8.046	4	11	HCD-HMSn
0	1398	4.7102	2	94542	20443	56.9424	7.873	5	15	HCD-HMSn
0	1399	4.7122	1	5.4719E+07	6.6927E+06	152.0161	821.2	1324	1324	HMS
0	1400	4.7211	2	284824	180634	303.0497	116	6	23	HCD-HMSn
0	1401	4.7236	2	585765	447060	177.0545	337.5	7	19	HCD-HMSn
0	1402	4.7261	2	832491	431435	145.0283	201.2	8	23	HCD-HMSn
0	1403	4.7286	2	212305	62475	144.0807	36.89	10	31	HCD-HMSn
0	1404	4.7311	2	189210	119933	391.0995	92.32	8	22	HCD-HMSn
0	1405	4.7336	2	78364	9445.9	252.5806	8.258	8	38	HCD-HMSn
0	1406	4.7361	2	45466	15409	122.0192	14.89	5	18	HCD-HMSn
0	1407	4.7386	2	17070	1564.1	305.0542	1.345	0	14	HCD-HMSn
0	1408	4.7406	1	5.3495E+07	3.2842E+06	169.0491	442.8	1434	1434	HMS
0	1409	4.7494	2	233786	121138	125.0025	76.95	4	21	HCD-HMSn
0	1410	4.7519	2	154329	82724	88.0757	39.29	4	16	HCD-HMSn
0	1411	4.7538	2	1.7449E+06	617438	111.044	165.1	9	34	HCD-HMSn
0	1412	4.7563	2	544029	114063	240.0835	40.51	16	47	HCD-HMSn
0	1413	4.7588	2	460540	96725	198.0731	42.29	17	57	HCD-HMSn
0	1414	4.7613	2	20999	4207.4	177.0545	3.792	1	14	HCD-HMSn
0	1415	4.7637	2	25661	11769	156.0419	11.11	3	11	HCD-HMSn
0	1416	4.7662	2	13738	3911.7	177.0543	3.533	1	10	HCD-HMSn
0	1417	4.7683	1	4.9389E+07	3.1597E+06	98.5118	429.1	1378	1378	HMS
0	1418	4.7770	2	274594	50774	128.9507	22.67	12	34	HCD-HMSn
0	1419	4.7795	2	295976	222704	195.0875	173.4	5	22	HCD-HMSn
0	1420	4.7820	2	57055	13302	122.0194	8.207	5	18	HCD-HMSn
0	1421	4.7842	2	1.8248E+06	1.0302E+06	125.0233	333.2	13	40	HCD-HMSn
0	1422	4.7868	2	1.5955E+06	1.1748E+06	271.0598	602.6	8	23	HCD-HMSn
0	1423	4.7893	2	109032	62304	68.9971	50.99	4	12	HCD-HMSn
0	1424	4.7917	2	186967	58150	69.0335	23.16	9	21	HCD-HMSn
0	1425	4.7942	2	27740	8528.5	225.0365	8.352	3	12	HCD-HMSn
0	1426	4.7963	1	5.9071E+07	3.5165E+06	153.0178	421.1	1417	1417	HMS
0	1427	4.8050	2	111915	27869	87.004	8.257	5	16	HCD-HMSn
0	1428	4.8075	2	376035	73032	152.0599	32.95	19	56	HCD-HMSn
0	1429	4.8100	2	187273	92008	188.0705	37.43	5	14	HCD-HMSn
0	1430	4.8117	2	3.9228E+06	926063	125.0233	235.6	11	35	HCD-HMSn
0	1431	4.8142	2	713026	599510	163.0388	426.3	8	26	HCD-HMSn
0	1432	4.8167	2	183496	25438	160.0709	14.31	13	50	HCD-HMSn
0	1433	4.8192	2	92047	76033	263.0887	63.07	3	11	HCD-HMSn
0	1434	4.8217	2	67042	9392.9	254.0104	6.748	3	35	HCD-HMSn
0	1435	4.8237	1	8.4614E+07	1.3448E+07	153.0541	1428	1413	1413	HMS
0	1436	4.8325	2	464276	94451	125.0233	38.29	12	33	HCD-HMSn
0	1437	4.8350	2	138799	44457	88.0042	14.82	6	23	HCD-HMSn
0	1438	4.8375	2	849825	333380	159.0677	97.84	19	51	HCD-HMSn
0	1439	4.8399	2	1.0562E+06	445710	170.0599	234.1	14	43	HCD-HMSn
0	1440	4.8424	2	737091	490708	226.1086	413.7	5	17	HCD-HMSn
0	1441	4.8449	2	457749	186651	273.0754	104.8	6	25	HCD-HMSn
0	1442	4.8474	2	143007	31301	113.9637	15.32	11	30	HCD-HMSn
0	1443	4.8499	2	245177	41940	185.1072	20.45	13	47	HCD-HMSn
0	1444	4.8519	1	1.2734E+08	6.0867E+07	153.0538	5140	1055	1055	HMS
0	1445	4.8607	2	278977	117638	163.0387	74.39	7	23	HCD-HMSn
0	1446	4.8632	2	164722	144205	163.0388	111.1	4	11	HCD-HMSn
0	1447	4.8657	2	488092	182186	231.1126	50.86	13	38	HCD-HMSn
0	1448	4.8682	2	27442	2646	128.9502	2.602	5	19	HCD-HMSn
0	1449	4.8707	2	216895	123837	110.0362	55.69	9	27	HCD-HMSn
0	1450	4.8731	2	108741	92217	65.0386	99.93	4	14	HCD-HMSn
0	1451	4.8756	2	23325	9129.1	134.0601	9.225	2	12	HCD-HMSn
0	1452	4.8781	2	134105	63177	71.0291	26.77	6	21	HCD-HMSn
0	1453	4.8801	1	1.4033E+08	7.0292E+07	153.0537	6213	1037	1037	HMS
0	1454	4.8889	2	123334	47681	113.9637	34.09	5	18	HCD-HMSn
0	1455	4.8914	2	803529	376763	87.004	137.3	14	37	HCD-HMSn
0	1456	4.8926	2	2.6977E+06	631785	159.0677	46.38	18	58	HCD-HMSn
0	1457	4.8949	2	1.133E+06	121940	170.0961	36.85	28	70	HCD-HMSn
0	1458	4.8974	2	281453	84921	146.0599	29.4	12	29	HCD-HMSn
0	1459	4.8999	2	374174	69425	113.9636	41.35	16	44	HCD-HMSn
0	1460	4.9024	2	16725	2678.3	138.0913	2.602	3	11	HCD-HMSn
0	1461	4.9049	2	524515	107713	273.0391	53.6	15	37	HCD-HMSn
0	1462	4.9069	1	7.5029E+07	2.6149E+07	153.0541	2914	1195	1195	HMS
0	1463	4.9157	2	343914	278271	124.0393	241.1	5	15	HCD-HMSn
0	1464	4.9182	2	189297	59917	111.044	34.8	9	24	HCD-HMSn
0	1465	4.9203	2	635236	171741	112.0473	56.65	9	21	HCD-HMSn
0	1466	4.9228	2	339792	129994	170.0963	51.22	13	40	HCD-HMSn
0	1467	4.9252	2	57468	11460	125.961	10.85	7	14	HCD-HMSn
0	1468	4.9277	2	58499	9151.9	55.9347	8.933	7	21	HCD-HMSn
0	1469	4.9302	2	48106	10583	98.9842	6.062	4	16	HCD-HMSn
0	1470	4.9327	2	345514	292496	303.0497	98.44	4	16	HCD-HMSn
0	1471	4.9347	1	5.6381E+07	8.5823E+06	153.0542	1073	1350	1350	HMS
0	1472	4.9435	2	129356	60587	130.159	40.12	6	20	HCD-HMSn
0	1473	4.9460	2	9363	1584.2	83.0853	1.731	0	8	HCD-HMSn
0	1474	4.9485	2	86048	55631	235.169	53.06	4	12	HCD-HMSn
0	1475	4.9510	2	1.0031E+06	303974	141.0572	108.8	29	97	HCD-HMSn
0	1476	4.9535	2	450971	205956	144.0807	86.3	8	35	HCD-HMSn
0	1477	4.9560	2	260363	44375	200.0705	19.08	12	29	HCD-HMSn
0	1478	4.9585	2	224854	100226	141.0573	42.69	9	30	HCD-HMSn
0	1479	4.9610	2	535629	218755	87.004	66.76	10	30	HCD-HMSn
0	1480	4.9630	1	5.8599E+07	5.7026E+06	153.0542	744.3	1510	1510	HMS
0	1481	4.9718	2	125991	33019	111.044	32.01	9	27	HCD-HMSn
0	1482	4.9743	2	28809	9475.1	119.0491	9.778	3	10	HCD-HMSn
0	1483	4.9768	2	20911	6256.6	122.0199	5.69	3	12	HCD-HMSn
0	1484	4.9793	2	378201	250201	303.0497	125.9	11	33	HCD-HMSn
0	1485	4.9818	2	515765	362773	179.0337	138.4	8	23	HCD-HMSn
0	1486	4.9844	2	127990	37044	283.06	11.48	4	14	HCD-HMSn
0	1487	4.9869	2	76639	37873	303.05	29.33	4	25	HCD-HMSn
0	1488	4.9894	2	44981	9721.3	149.0229	7.879	5	18	HCD-HMSn
0	1489	4.9914	1	5.3126E+07	3.4552E+06	153.0542	409.1	1298	1298	HMS
0	1490	5.0002	2	216720	194076	122.0964	175.2	4	14	HCD-HMSn
0	1491	5.0027	2	53316	23697	84.9597	22.4	5	17	HCD-HMSn
0	1492	5.0052	2	115207	30251	71.0856	20.77	5	17	HCD-HMSn
0	1493	5.0072	1	6.1589E+07	6.9429E+06	229.0701	804.9	1363	1363	HMS
0	1494	5.0160	2	280307	252809	251.0523	151.8	2	14	HCD-HMSn
0	1495	5.0185	2	2.3691E+06	629152	123.044	171.5	14	48	HCD-HMSn
0	1496	5.0210	2	1.7862E+06	833225	179.0337	263.4	14	44	HCD-HMSn
0	1497	5.0235	2	34094	18045	267.03	12.49	3	9	HCD-HMSn
0	1498	5.0260	2	1.8664E+06	642601	123.044	229.6	20	77	HCD-HMSn
0	1499	5.0285	2	2.6157E+06	945177	123.0439	311	27	77	HCD-HMSn
0	1500	5.0310	2	392412	74002	171.1492	29.85	16	50	HCD-HMSn
0	1501	5.0335	2	778069	537922	195.0287	361.5	4	22	HCD-HMSn
