Dataset	ParentIonIndex	MZ	SurveyScanNumber	FragScanNumber	OptimalPeakApexScanNumber	PeakApexOverrideParentIonIndex	CustomSICPeak	PeakScanStart	PeakScanEnd	PeakScanMaxIntensity	PeakMaxIntensity	PeakSignalToNoiseRatio	FWHMInScans	PeakArea	ParentIonIntensity	PeakBaselineNoiseLevel	PeakBaselineNoiseStDev	PeakBaselinePointsUsed	StatMomentsArea	CenterOfMassScan	PeakStDev	PeakSkew	PeakKSStat	StatMomentsDataCountUsed
0	0	649.4476	7301	7302	7323	-1	0	7301	7389	7323	9682.6	3.745	25	513865	9044.7	2585.4	2786	27	247993	7323	15.8	0.2112	0.3287	8
0	1	803.1318	7301	7303	7301	-1	0	7301	7301	7301	7201	0.7329	0	7561.1	7976.3	9825.8	6812	27	189194	7313	6.7	-0.3109	0.433	3
0	2	831.7505	7301	7304	7301	-1	0	7301	7301	7301	5587.5	5.963	0	5866.8	4639.3	937.08	1036	27	37856	7312	6.72	-0.1933	0.433	3
0	3	663.4584	7301	7305	7301	-1	0	7301	7301	7301	5063.5	4.51	0	5316.7	3745.1	1122.8	1036	27	37270	7313	6.74	-0.2575	0.433	3
0	4	818.1622	7301	7306	7301	-1	0	7301	7301	7301	4688.1	5.136	0	4922.5	3584.7	912.73	947	27	40403	7313	6.73	-0.2275	0.433	3
0	5	697.3392	7301	7307	7301	-1	0	7301	7301	7301	4612.7	3.763	0	4843.4	2891.4	1225.9	923	27	35879	7313	6.73	-0.2216	0.433	3
0	6	843.2443	7301	7308	7301	-1	0	7301	7301	7301	3810	1.584	0	4000.5	1986.9	2405.1	3748	27	25345	7312	6.74	-0.2079	0.433	3
0	7	823.5718	7301	7309	7334	-1	0	7301	7400	7334	3014	2.122	29	183821	2107.8	1420.1	1050	27	43184	7333	14.5	0.0101	0.3757	7
0	8	1179.6666	7301	7310	7301	-1	0	7301	7367	7301	3614.9	9.053	6	50945	1040.3	399.31	679	27	17710	7312	10.8	0.3898	0.3578	6
0	9	1124.984	7301	7311	7301	-1	0	7301	7367	7301	3497.2	5.59	6	62165	1217	625.6	719	27	35251	7320	12.3	0.2217	0.4246	5
0	10	613.3919	7312	7313	7323	-1	0	7301	7389	7323	12063	6.922	32	436092	12073	1742.6	3457	27	306472	7325	16.2	0.1153	0.3375	8
0	11	744.4777	7312	7314	7323	-1	0	7301	7389	7323	21206	9.635	15	535702	9312.9	2201	4269	27	355379	7326	16.3	0.0949	0.3433	8
0	12	1601.7367	7312	7315	7466	141	0	7301	7378	7312	3361.9	1.902	37	158496	3164.3	1767.5	1477	27	30834	7316	11.4	0.0901	0.3818	6
0	13	870.33	7312	7316	7378	-1	0	7312	7444	7378	350928	7.983	30	1.2729E+07	5438.3	43958	93825	27	9.4625E+06	7380	17.7	-0.0328	0.3408	9
0	14	826.4767	7312	7317	7323	-1	0	7301	7389	7323	2324.5	1.424	57	160516	2699.5	1632.1	811	27	17705	7328	11.5	0.0218	0.3922	6
0	15	879.203	7312	7318	7312	-1	0	7301	7312	7312	2568.8	3.249	11	40870	2463.8	790.69	692	27	39191	7313	6.71	-0.2932	0.433	3
0	16	852.2262	7312	7319	7367	-1	0	7301	7477	7367	9303.2	2.876	23	697583	2370.9	3234.9	2098	27	147976	7365	18.1	0.1139	0.3074	9
0	17	630.531	7312	7320	7323	-1	0	7301	7389	7323	2382.5	2.706	20	96286	2259	880.36	524	27	21519	7325	13.2	-0.088	0.3795	7
0	18	629.3939	7312	7321	7323	-1	0	7301	7389	7323	6850.4	3.335	31	270499	6578.4	2053.8	2058	18	108916	7325	14.2	-0.0913	0.3457	7
0	19	620.4468	7312	7322	7334	-1	0	7301	7367	7334	3065.5	0.7765	43	208904	3236.5	3947.6	1768	27	127819	7335	12.9	-0.1589	0.3727	5
0	20	870.4597	7323	7324	7378	-1	0	7312	7444	7378	350928	7.983	30	1.2729E+07	11686	43958	93825	27	9.4625E+06	7380	17.7	-0.0328	0.3408	9
0	21	795.1381	7323	7325	7334	-1	0	7301	7400	7334	2588.7	1.107	84	210150	3558.7	2338.6	1287	27	100037	7335	12.7	-0.1716	0.3727	5
0	22	760.0795	7323	7326	7334	-1	0	7301	7378	7334	3622.2	1.587	22	172373	3456.3	2282.9	1040	27	8199.5	7336	8.72	-0.1468	0.4405	5
0	23	625.5499	7323	7327	7345	-1	0	7301	7389	7345	3861.8	1.223	62	335823	3519.7	3158.8	891	27	29505	7353	16.8	0.4284	0.3	9
0	24	815.7101	7323	7328	7323	-1	0	7301	7378	7323	3254.4	2.21	37	213394	3254.5	1472.4	1052	27	78493	7326	15.9	0.0881	0.3394	8
0	25	745.6337	7323	7329	7323	-1	0	7301	7389	7323	3517	3.187	36	194999	5398.4	1103.6	1744	27	110404	7328	16.1	0.0002	0.3505	8
0	26	941.5066	7323	7330	7323	-1	0	7301	7389	7323	2343.1	2.166	24	127417	2387.2	1081.6	683	27	27271	7326	13.2	-0.1315	0.3819	7
0	27	872.4999	7323	7331	7378	-1	0	7312	7455	7378	39386	7.049	29	1.5460E+06	2137.5	5587.7	10716	27	1.0779E+06	7382	17.7	-0.0613	0.3295	9
0	28	702.0321	7323	7332	7323	-1	0	7301	7389	7323	6501.7	3.588	24	269839	4003.7	1812	1546	27	110627	7324	15.3	0.1022	0.3282	8
0	29	673.4708	7323	7333	7323	-1	0	7301	7389	7323	1952.9	1.767	11	78192	1128.3	1105	1080	27	3513.7	7326	8.3	-0.1407	0.4445	5
0	30	793.2902	7334	7335	7334	-1	0	7301	7378	7334	17195	1.391	32	989284	10932	12364	9517	18	145735	7329	10.8	-0.0239	0.3883	6
0	31	745.1196	7334	7336	7323	-1	0	7301	7389	7323	10640	7.355	18	279325	5724.9	1446.7	2270	27	169312	7324	15.4	0.1305	0.3322	8
0	32	822.5136	7334	7337	7334	-1	0	7301	7389	7334	5610.3	2.406	24	243926	5574.6	2332.2	1293	27	58115	7330	12.6	0.0543	0.3525	7
0	33	806.5046	7334	7338	7334	-1	0	7301	7389	7334	3492	1.817	11	125511	2841.1	1921.3	3100	27	80475	7334	12.5	-0.0743	0.3727	5
0	34	924.54	7334	7339	7367	-1	0	7301	7444	7367	3378.4	2.859	60	243561	1946.7	1181.7	1038	27	95704	7369	18.9	-0.1188	0.3537	9
0	35	820.5191	7334	7340	7323	-1	0	7301	7378	7323	2836.2	0.7067	37	161340	2085.9	4013.3	3525	27	108135	7323	12.4	-0.0958	0.3727	5
0	36	949.7148	7334	7341	7323	-1	0	7301	7367	7323	3357.4	1.958	15	128171	2042.3	1714.8	805	9	21378	7325	9.18	-0.1464	0.4559	5
0	37	780.9426	7334	7342	7334	-1	0	7301	7367	7334	2384.3	1.537	11	103483	1333.1	1550.8	740	27	64623	7334	12.8	-0.1018	0.3727	5
0	38	829.5269	7334	7343	7323	-1	0	7301	7389	7323	1907.9	1.515	72	158702	1866.3	1259.1	680	27	27797	7329	15.5	0.0381	0.331	8
0	39	1788.4672	7334	7344	7323	-1	0	7301	7433	7323	598.12	1.51	87	61121	399.05	396.12	509	27	8415.6	7330	16.5	0.2884	0.3	9
0	40	793.5905	7345	7346	7323	-1	0	7301	7389	7323	37307	3.341	11	989736	8217.4	11166	8613	18	146351	7329	11.2	0.0023	0.3942	6
0	41	499.3313	7345	7347	7345	-1	0	7301	7444	7345	3111	2.702	17	169395	3026.5	1151.5	829	18	30042	7344	14.5	0.0882	0.3351	7
0	42	670.6388	7345	7348	7345	-1	0	7345	7389	7345	3772.4	2.295	6	87843	3342.9	1643.5	1660	27	142636	7341	12.1	0.3123	0.4651	5
0	43	785.5142	7345	7349	7323	-1	0	7301	7433	7323	2069.6	1.831	39	191190	1749.5	1130.5	548	27	37390	7329	16.5	0.0596	0.3143	8
0	44	702.2778	7345	7350	7323	-1	0	7301	7389	7323	6501.7	3.292	13	228738	1843.9	1975.1	1468	27	63022	7324	13.7	-0.0816	0.3793	7
0	45	859.15	7345	7351	7378	-1	0	7301	7455	7378	3804.5	2.13	84	360600	2036.3	1786.2	974	27	99443	7379	21.7	-0.0928	0.305	11
0	46	815.2681	7345	7352	7323	-1	0	7301	7389	7323	5120.6	3.576	20	226154	1651.2	1432	1376	18	91169	7326	16	0.086	0.3404	8
0	47	658.5154	7345	7353	7378	-1	0	7312	7444	7378	32920	6.712	31	1.2604E+06	4536.2	4904.6	8700	27	873472	7381	17.5	-0.0502	0.3437	9
0	48	581.3989	7345	7354	7345	-1	0	7301	7378	7345	2519.3	1.073	43	191150	2181.9	2348.3	900	27	3798.8	7342	8.32	0.2302	0.4073	5
0	49	892.2719	7345	7355	7378	-1	0	7312	7444	7378	18400	4.884	30	809378	3967.3	3767.7	5262	27	460799	7381	16.6	0.0398	0.3465	8
0	50	801.5603	7356	7357	7356	-1	0	7356	7389	7356	24733	0.6511	3	431288	13217	37986	23537	27	563084	7354	6.27	0.2818	0.6523	3
0	51	658.3972	7356	7358	7378	-1	0	7312	7444	7378	32920	6.712	31	1.2604E+06	7556.1	4904.6	8700	27	873472	7381	17.5	-0.0502	0.3437	9
0	52	891.65	7356	7359	7378	-1	0	7312	7444	7378	21602	5.414	28	852344	6171.2	3990	5875	27	501463	7381	16.3	0.0525	0.3432	8
0	53	675.5268	7356	7360	7345	-1	0	7301	7378	7345	920.55	1.368	43	70171	1914.3	672.74	588	27	11775	7354	16.3	-0.0246	0.3374	8
0	54	907.3221	7356	7361	7378	-1	0	7312	7433	7378	4672.2	3.025	37	256684	3035.4	1544.5	1619	27	118455	7377	15.8	-0.1074	0.3178	8
0	55	522.502	7356	7362	7334	-1	0	7301	7389	7334	2188.2	1.739	37	148088	1660.6	1258.5	694	18	21831	7336	14.9	0.1127	0.3312	8
0	56	923.3713	7356	7363	7378	-1	0	7301	7444	7378	6270.9	3.246	31	391550	3202.9	1932	1797	27	161517	7379	18	-0.0713	0.3379	9
0	56	923.3713	7356	7364	7378	-1	0	7301	7444	7378	6270.9	3.246	31	391550	3202.9	1932	1797	27	161517	7379	18	-0.0713	0.3379	9
0	57	432.1611	7356	7365	7378	-1	0	7312	7455	7378	7492	5.286	37	363391	6264.8	1417.2	2330	27	236736	7380	17.8	-0.0372	0.337	9
0	58	857.3815	7356	7366	7400	-1	0	7301	7466	7400	3544.7	2.91	55	281371	2452.3	1218	1062	27	105886	7397	19.8	-0.1149	0.3257	10
0	59	454.486	7367	7368	7378	-1	0	7312	7444	7378	5220.4	4.45	36	255888	5431	1173	1530	27	149435	7379	17.5	-0.0178	0.3335	9
0	60	432.3013	7367	7369	7378	-1	0	7312	7455	7378	7492	5.286	37	363391	7858.2	1417.2	2330	27	236736	7380	17.8	-0.0372	0.337	9
0	61	576.4966	7367	7370	7334	-1	0	7301	7389	7334	5775.9	1.407	35	422864	3777.8	4104.2	1325	27	33835	7331	10.9	-0.0947	0.3983	6
0	62	894.5613	7367	7371	7389	-1	0	7301	7422	7389	5097	1.322	11	288780	3608.3	3856.6	3414	27	147415	7390	12.9	-0.1328	0.3727	5
0	63	640.4073	7367	7372	7378	-1	0	7301	7444	7378	4132.4	4.275	29	198595	3613.5	966.75	988	27	88362	7379	17.4	-0.0097	0.3326	9
0	64	1144.5726	7367	7373	7378	-1	0	7301	7455	7378	1961.5	1.81	92	232819	2168.5	1083.8	775	27	54222	7379	22.4	-0.0239	0.3042	11
0	65	560.3426	7367	7374	7378	-1	0	7301	7433	7378	4548.8	3.796	23	216128	3836.7	1198.4	1029	27	82183	7374	17.1	-0.0363	0.3169	8
0	66	648.4338	7367	7375	7378	-1	0	7367	7389	7378	6371.4	0.73	22	148152	5727.7	8727.9	11494	27	73514	7376	6.56	0.3293	0.6914	3
0	67	1929.8718	7367	7376	7378	-1	0	7323	7433	7378	901.04	2.403	45	55640	1066.8	374.99	497	27	23248	7378	16.2	0.0102	0.3185	9
0	68	930.5524	7367	7377	7378	-1	0	7301	7433	7378	1237.3	1.868	53	120203	1284	662.48	636	27	25148	7376	15.9	-0.1249	0.3696	8
0	69	851.3712	7378	7379	7367	-1	0	7301	7433	7367	13771	2.895	21	799259	6833.2	4756.2	2915	27	217728	7375	20.9	0.4378	0.2875	10
0	70	658.4382	7378	7380	7378	-1	0	7312	7444	7378	32920	6.712	31	1.2604E+06	32490	4904.6	8700	27	873472	7381	17.5	-0.0502	0.3437	9
0	71	648.4237	7378	7381	7378	-1	0	7378	7389	7378	6071.7	0.6957	11	84699	5636.6	8727.9	11494	27	73514	7376	6.56	0.3293	0.6914	3
0	72	1009.6012	7378	7382	7378	-1	0	7323	7444	7378	6005.5	5.42	16	208448	5252.4	1108	1218	27	79829	7383	16.7	0.0717	0.3143	8
0	73	543.4031	7378	7383	7378	-1	0	7301	7400	7378	3407.7	2.845	20	123069	2855.9	1197.6	1107	27	29798	7381	14.5	-0.1894	0.3751	7
0	74	913.4625	7378	7384	7389	-1	0	7301	7477	7389	2050.8	1.946	94	240855	2582.9	1053.9	790	27	58709	7388	21.3	0.0533	0.2961	11
0	75	929.5676	7378	7385	7378	-1	0	7301	7444	7378	2863.3	3.421	46	175330	3055.9	837.02	814	27	73399	7381	18.2	-0.0993	0.3326	9
0	76	414.3463	7378	7386	7378	-1	0	7301	7422	7378	2666.2	2.509	86	179163	3226.2	1062.5	900	27	55015	7376	18.6	0.1064	0.3	9
0	77	1069.4288	7378	7387	7411	-1	0	7345	7587	7411	6076.8	3.68	40	456437	2808	1651.3	1637	27	181232	7417	20.3	0.0437	0.3045	10
0	78	770.3392	7378	7388	7378	-1	0	7301	7587	7378	2627.8	3.436	19	227744	1979.1	764.82	579	27	31553	7376	19.2	-0.0958	0.3251	10
0	79	513.4269	7389	7390	7378	-1	0	7301	7466	7378	44445	1.814	46	5.2384E+06	48682	24495	10653	27	1.2446E+06	7375	24.2	0.0626	0.3077	11
0	80	535.5528	7389	7391	7400	-1	0	7301	7477	7400	6457.9	2.194	94	719555	5724.4	2943.9	2064	27	201559	7400	21	-0.2454	0.3231	10
0	81	757.4815	7389	7392	7422	-1	0	7356	7477	7422	16008	2.832	34	1.0322E+06	5935.2	5651.4	4470	27	414625	7422	18.2	0.1083	0.3	9
0	82	604.4338	7389	7393	7444	-1	0	7301	7587	7444	3712	1.691	94	653947	2925.5	2195	680	27	75381	7441	28.6	-0.0548	0.279	14
0	83	660.4015	7389	7394	7389	-1	0	7323	7444	7389	2857.6	3.53	19	124745	2385.4	809.51	706	27	45513	7386	15.5	-0.051	0.3565	8
0	84	515.5474	7389	7395	7378	-1	0	7301	7466	7378	2414.8	1.685	81	280001	2184.3	1433	604	27	38897	7383	22.1	0.0353	0.2979	10
0	85	851.5758	7389	7396	7367	-1	0	7301	7433	7367	13771	2.895	21	799259	5001.8	4756.2	2915	27	217728	7375	20.9	0.4378	0.2875	10
0	86	621.3425	7389	7397	7444	119	0	7389	7587	7455	3798	2.072	43	399398	1849	1832.9	739	27	59729	7457	22.2	0.0727	0.283	11
0	87	874.5014	7389	7398	7389	-1	0	7334	7444	7389	2364.4	2.999	12	92413	1226.9	788.29	712	18	19373	7388	13.4	0.021	0.3616	7
0	88	692.4916	7389	7399	7433	-1	0	7367	7587	7433	3102.6	1.497	99	475128	1759.6	2071.9	695	27	50318	7444	29.9	0.1698	0.2812	13
0	89	933.5107	7400	7401	7444	-1	0	7367	7587	7444	1.3380E+06	4.421	39	8.9810E+07	18285	302652	467007	27	5.3159E+07	7445	20.8	0.1446	0.3083	10
0	90	870.5173	7400	7402	7378	-1	0	7312	7444	7378	350928	7.983	30	1.2729E+07	91258	43958	93825	27	9.4625E+06	7380	17.7	-0.0328	0.3408	9
0	91	474.3549	7400	7403	7433	-1	0	7356	7587	7433	16198	3.496	79	1.4472E+06	7553.1	4633.8	3371	15	699912	7450	30	0.2604	0.2598	13
0	92	729.3278	7400	7404	7411	-1	0	7345	7477	7411	15306	8.191	15	454623	7450.4	1868.5	2980	27	234030	7411	17.8	-0.003	0.3313	9
0	93	935.484	7400	7405	7444	-1	0	7367	7587	7444	234126	4.445	37	1.5546E+07	31070	52673	80342	27	9.1940E+06	7446	20.8	0.1306	0.311	10
0	94	429.4402	7400	7406	7411	-1	0	7301	7488	7411	2388.9	2.654	66	214669	2639.5	900.26	850	27	86204	7415	20.5	-0.0335	0.3157	10
0	95	572.5258	7400	7407	7367	-1	0	7301	7444	7367	4858.8	2.501	44	373690	2541.2	1943	1535	27	126453	7367	18.7	0.0216	0.3367	9
0	96	665.3635	7400	7408	7433	250	0	7345	7455	7400	2694.1	1.935	59	214426	4169.4	1392.3	1005	27	63552	7402	17.6	-0.0728	0.3383	9
0	97	1311.644	7400	7409	7411	-1	0	7345	7477	7411	3005.3	4.228	49	167685	2689.8	710.81	889	27	92649	7411	18.2	0.0006	0.3353	9
0	98	667.3145	7400	7410	7433	-1	0	7356	7587	7433	2610.6	2.674	57	252164	1420.5	976.16	871	27	91059	7429	20.5	-0.0611	0.3273	10
0	99	955.483	7411	7412	7444	-1	0	7367	7587	7444	57359	3.7	64	4.5664E+06	30447	15502	21902	27	2.5632E+06	7447	21.9	0.1339	0.2875	10
0	100	707.4114	7411	7413	7444	-1	0	7367	7587	7444	31499	3.464	96	2.6195E+06	10848	9092.7	12056	27	1.3911E+06	7452	22.6	0.1705	0.2896	11
0	101	937.4347	7411	7414	7444	-1	0	7367	7587	7444	14662	3.889	41	1.0766E+06	9276.7	3770.7	5080	27	578892	7445	20.9	0.1488	0.3091	10
0	102	986.239	7411	7415	7444	-1	0	7367	7587	7444	18623	4.009	44	1.3360E+06	11130	4645	6748	27	763884	7444	20.7	0.155	0.3054	10
0	103	971.3795	7411	7416	7444	-1	0	7367	7587	7444	20169	3.747	42	1.5426E+06	11766	5383.5	6894	27	794701	7448	21.6	0.1428	0.2875	10
0	104	977.4957	7411	7417	7433	-1	0	7356	7587	7433	10304	4.344	93	832936	8934.3	2372.2	2083	14	454396	7447	28.2	0.3755	0.2723	13
0	105	957.5903	7411	7418	7444	-1	0	7367	7587	7444	18215	4.053	37	1.2748E+06	11506	4494.8	6130	27	687619	7446	20.8	0.1463	0.3032	10
0	106	608.4337	7411	7419	7444	-1	0	7367	7587	7444	22021	3.782	58	1.6972E+06	13817	5823	8122	27	962545	7450	21.1	0.064	0.2875	10
0	107	507.3688	7411	7420	7444	-1	0	7367	7587	7444	10749	3.653	65	842432	9779.7	2942.9	3945	27	453072	7446	20.9	0.1329	0.306	10
0	108	949.5442	7411	7421	7466	-1	0	7367	7587	7466	31283	2.607	89	3.7138E+06	22094	11998	7349	15	1.6669E+06	7466	28.7	0.0408	0.2946	13
0	109	486.4907	7422	7423	7444	-1	0	7367	7587	7444	13170	4.299	42	873198	8296.5	3063.4	2479	15	392941	7453	21.8	0.1433	0.2964	11
0	110	489.4757	7422	7424	7444	-1	0	7367	7587	7444	5911.5	3.174	53	500376	7297.4	1862.5	2037	27	223791	7442	19.5	0.1121	0.3	9
0	111	1098.6742	7422	7425	7433	-1	0	7367	7488	7433	3437.8	2.658	55	244551	6073.9	1293.5	1478	27	106525	7434	18.2	0.0926	0.3	9
0	112	951.4352	7422	7426	7455	-1	0	7367	7587	7455	6864.4	2.339	87	858233	6923.3	2934.4	1681	15	320291	7462	28.2	0.1505	0.2819	13
0	113	707.486	7422	7427	7444	-1	0	7367	7587	7444	31499	3.464	96	2.6195E+06	31978	9092.7	12056	27	1.3911E+06	7452	22.6	0.1705	0.2896	11
0	114	709.5625	7422	7428	7444	-1	0	7367	7587	7444	4372.5	2.633	100	425304	4428.9	1660.9	1575	27	162377	7448	21.5	0.1403	0.2875	10
0	115	664.4183	7422	7429	7301	3	0	7301	7587	7433	4235.5	1.865	79	676973	4594	2271.5	1105	27	86693	7429	20.2	-0.0027	0.3037	10
0	116	1865.3119	7422	7430	7433	-1	0	7367	7499	7433	3941.4	4.67	35	194995	4284.9	844	1314	27	109923	7435	17.6	0.0204	0.3275	9
0	117	467.6354	7422	7431	7510	-1	0	7367	7587	7510	24996	11.86	11	596837	2510.9	2106.8	4820	27	274148	7493	27.9	-0.6555	0.3288	13
0	118	916.4196	7422	7432	7444	-1	0	7367	7587	7444	4392.7	3.028	86	386747	4021.4	1450.9	1348	27	134981	7454	25.1	0.2259	0.2824	12
0	119	620.3046	7433	7434	7444	-1	0	7367	7587	7444	7900.8	2.001	45	1.0003E+06	7866.5	3947.6	1768	27	196160	7450	23	0.1781	0.2921	11
0	120	915.5428	7433	7435	7444	-1	0	7367	7587	7444	5085.5	2.319	89	567101	6898.4	2193.1	1831	27	203171	7451	24.9	0.1674	0.2803	11
0	121	862.6656	7433	7436	7444	-1	0	7378	7521	7444	11903	6.342	21	448784	7728.5	1877	2682	27	264440	7445	17.7	-0.0098	0.3354	9
0	122	656.2482	7433	7437	7433	-1	0	7301	7587	7433	7097.6	2.735	81	774385	7173.2	2594.8	2619	27	288690	7429	22.9	0.0653	0.2976	11
0	123	871.4783	7433	7438	7378	-1	0	7312	7444	7378	136997	7.544	30	5.2148E+06	4522.6	18159	38341	27	3.8264E+06	7382	17.6	-0.0534	0.3304	9
0	124	988.4562	7433	7439	7444	-1	0	7367	7587	7444	4665	3.769	26	334822	5313	1237.7	1429	27	138054	7447	21.3	0.186	0.2875	10
0	125	883.4387	7433	7440	7444	-1	0	7367	7587	7444	3336	2.985	54	286295	3456.4	1117.6	1210	27	126703	7448	20.4	0.0787	0.315	10
0	126	803.4373	7433	7441	7466	-1	0	7378	7587	7466	6957.8	2.07	39	498095	3278.9	3360.7	3767	27	27473	7470	17.1	0.0584	0.3561	8
0	127	689.3951	7433	7442	7455	-1	0	7378	7587	7455	4237.6	1.649	67	569556	4144.8	2569.4	1243	27	99134	7462	22.7	0.2003	0.2964	11
0	128	427.4847	7433	7443	7444	-1	0	7367	7587	7444	4200.8	2.165	50	480046	3462.8	1940.7	1066	16	125028	7451	21.6	0.3653	0.2764	11
0	129	870.5992	7444	7445	7378	-1	0	7312	7444	7378	350928	7.983	30	1.2729E+07	5840.9	43958	93825	27	9.4625E+06	7380	17.7	-0.0328	0.3408	9
0	130	492.4745	7444	7446	7444	-1	0	7378	7587	7444	5574	5.959	20	254221	5310.3	935.46	1228	27	117662	7445	18.5	0.0092	0.3052	9
0	131	754.6408	7444	7447	7510	-1	0	7356	7587	7510	36870	1.75	33	3.6113E+06	5975.7	21071	6359	9	483551	7508	13.5	0.043	0.357	7
0	132	591.4289	7444	7448	7444	-1	0	7378	7587	7444	4939.4	4.203	38	291369	4484.4	1175.1	1196	27	124959	7448	19.8	0.0616	0.3109	10
0	133	991.6278	7444	7449	7433	-1	0	7367	7510	7433	5486.3	6.035	25	225817	3428	909.12	1333	27	126270	7436	18	-0.0262	0.3109	9
0	134	625.5763	7444	7450	7444	-1	0	7389	7587	7444	4262	1.349	81	637509	3864.4	3158.8	891	27	51730	7448	28	0.0032	0.2789	13
0	135	555.4039	7444	7451	7455	-1	0	7367	7587	7455	2532.3	2.105	76	293253	2786.8	1202.9	866	27	83370	7452	22.1	0.0836	0.2958	11
0	136	1084.5632	7444	7452	7455	-1	0	7367	7587	7455	2947.9	2.439	73	324820	3128.3	1208.5	1036	27	113096	7456	23.4	0.0951	0.2764	11
0	137	653.5646	7444	7453	7444	-1	0	7378	7477	7444	3663	2.083	29	221449	1874.7	1758.6	678	27	33298	7446	20.1	-0.0013	0.3188	9
0	138	462.3023	7444	7454	7444	-1	0	7378	7587	7444	3374.9	4.56	14	188955	1489.5	740.11	745	27	71095	7454	22.5	0.1884	0.2764	11
0	139	950.484	7455	7456	7466	108	0	7367	7587	7477	15531	1.771	78	1.7858E+06	13924	8769	5363	18	440882	7469	23.7	-0.0723	0.3274	11
0	140	820.3575	7455	7457	7444	-1	0	7378	7587	7444	10578	2.636	94	1.0390E+06	11632	4013.3	3525	27	394282	7451	22.1	0.1913	0.2926	11
0	141	1601.7396	7455	7458	7466	-1	0	7378	7587	7466	3677.5	2.081	49	373516	3305.1	1767.5	1477	27	102487	7468	18.9	-0.0474	0.3119	9
0	142	474.4482	7455	7459	7433	-1	0	7356	7587	7433	16198	3.496	79	1.4472E+06	8388.8	4633.8	3371	15	699912	7450	30	0.2604	0.2598	13
0	142	474.4482	7455	7462	7433	-1	0	7356	7587	7433	16198	3.496	79	1.4472E+06	8388.8	4633.8	3371	15	699912	7450	30	0.2604	0.2598	13
0	143	557.0975	7455	7460	7455	-1	0	7389	7587	7455	2689.6	2.387	39	252385	1943.9	1126.6	695	27	39550	7454	18.8	0.1078	0.3037	9
0	144	1903.4376	7455	7461	7433	-1	0	7367	7587	7433	1742	2.922	53	140650	2027.2	596.24	789	27	62006	7439	19.2	0.0368	0.3129	10
0	145	927.4031	7455	7463	7433	-1	0	7345	7587	7433	2148.3	1.997	59	283232	1685.3	1075.6	730	27	76208	7435	25.4	0.1172	0.2898	12
0	146	902.4917	7455	7464	7433	-1	0	7367	7587	7433	7222.4	6.764	14	277420	2044.8	1067.8	1435	27	120304	7440	18	0.1323	0.3189	9
0	147	610.3399	7455	7465	7444	-1	0	7367	7587	7444	3283.1	2.587	62	327954	3484.3	1268.9	1042	27	116431	7447	21	0.1322	0.2901	10
0	148	793.2827	7466	7467	7510	-1	0	7378	7587	7510	31817	1.014	44	4.5987E+06	15972	31386	6324	9	1.2763E+06	7511	12.7	-0.1173	0.3727	5
0	149	893.4357	7466	7468	7488	-1	0	7422	7587	7488	23875	3.324	43	1.6989E+06	14487	7181.7	7056	27	787871	7491	19.5	0.0244	0.3112	10
0	150	590.2714	7466	7469	7444	-1	0	7367	7587	7444	2969.6	3.025	64	287461	2937.1	981.7	766	15	120689	7453	23.1	0.1846	0.2764	11
0	151	505.199	7466	7470	7488	-1	0	7367	7587	7488	1335.9	2.053	121	158260	2313.5	650.73	745	27	48392	7479	27.2	-0.3859	0.344	12
0	152	656.476	7466	7471	7433	-1	0	7301	7587	7433	7097.6	2.735	81	774385	3094.6	2594.8	2619	27	288690	7429	22.9	0.0653	0.2976	11
0	153	494.2774	7466	7472	7455	-1	0	7378	7587	7455	3423.6	3.325	81	259491	2422.4	1029.7	831	16	88157	7459	21	0.1193	0.2875	10
0	154	1068.0198	7466	7473	7455	-1	0	7367	7587	7455	2316.6	2.339	79	239790	2093.4	990.36	771	27	74959	7455	23.3	0.0171	0.312	11
0	155	809.9272	7466	7474	7510	-1	0	7444	7587	7510	5464.9	1.264	70	552740	3864.6	4324.4	2651	14	12134	7511	8.76	-0.0815	0.4254	5
0	156	918.5704	7466	7475	7499	-1	0	7433	7587	7499	18049	5.375	34	875729	6100.7	3357.9	4709	27	517895	7502	18.6	-0.0323	0.3011	9
0	157	1184.5106	7466	7476	7455	-1	0	7367	7587	7455	2904.5	2.203	64	319625	3564.1	1318.2	1003	27	96018	7455	21.5	0.0242	0.3001	11
0	158	801.6768	7477	7478	7477	-1	0	7389	7587	7477	64179	1.69	67	7.5629E+06	64179	37986	23537	27	914328	7481	22.6	0.0197	0.3323	10
0	158	801.6768	7477	7484	7477	-1	0	7389	7587	7477	64179	1.69	67	7.5629E+06	64179	37986	23537	27	914328	7481	22.6	0.0197	0.3323	10
0	159	891.4824	7477	7479	7488	-1	0	7444	7587	7488	5035	1.262	20	354817	4774.9	3990	5875	27	24354	7488	9.19	0.005	0.4234	5
0	160	826.6555	7477	7480	7499	-1	0	7389	7587	7499	2493.8	1.528	113	330727	3605.1	1632.1	811	27	44199	7492	18.2	-0.1707	0.3588	9
0	160	826.6555	7477	7483	7499	-1	0	7389	7587	7499	2493.8	1.528	113	330727	3605.1	1632.1	811	27	44199	7492	18.2	-0.1707	0.3588	9
0	161	537.3615	7477	7481	7488	-1	0	7345	7587	7488	7071.4	4.766	29	416706	4522.2	1483.7	1754	27	177220	7489	19.5	-0.0867	0.3202	9
0	162	822.7089	7477	7482	7499	-1	0	7466	7587	7499	2726.3	1.169	114	295394	2938.1	2332.2	1293	27	16063	7494	16.2	-0.3045	0.3982	8
0	163	581.5646	7477	7485	7444	-1	0	7378	7587	7444	3662.1	1.559	77	535459	3362.7	2348.3	900	27	78681	7452	22.8	0.1605	0.2995	11
0	164	966.9027	7477	7486	7466	-1	0	7367	7587	7466	3231.8	3.405	22	252997	1792.6	949.22	788	27	79059	7465	21.6	0.0124	0.3016	11
0	165	412.2137	7477	7487	7444	-1	0	7378	7587	7444	3042.6	3.147	66	263280	1761.6	966.9	1125	27	122900	7450	21.1	0.0682	0.2875	10
0	166	576.3874	7488	7489	7488	-1	0	7389	7587	7488	5080.4	1.238	113	834860	4657.2	4104.2	1325	27	76776	7474	24.4	-0.0128	0.3266	11
0	167	920.4731	7488	7490	7499	-1	0	7433	7587	7499	3514.7	3.486	41	251695	3879.8	1008.2	1086	27	106821	7499	18.4	-0.008	0.3368	9
0	168	1019.3685	7488	7491	7499	-1	0	7433	7587	7499	3034.7	2.223	71	301520	3426.3	1365.4	995	27	84976	7502	17.9	-0.0791	0.3484	9
0	169	895.546	7488	7492	7499	-1	0	7422	7587	7499	3393.9	2.355	42	285413	3221.5	1441.4	880	27	63655	7497	19.1	-0.1789	0.3319	10
0	170	1604.2374	7488	7493	7477	-1	0	7378	7587	7477	1717.4	1.464	84	210913	2378.9	1173.1	1194	27	34395	7470	22.5	-0.1767	0.3221	11
0	171	1083.3857	7488	7494	7433	-1	0	7367	7587	7433	2252.3	2.286	86	252759	2177.2	985.41	991	27	81616	7442	25.8	0.4229	0.2997	12
0	172	965.5613	7488	7495	7488	-1	0	7367	7587	7488	2949.3	2.078	86	306825	2615.2	1419.4	983	17	75511	7473	26	-0.2017	0.3309	12
0	173	889.374	7488	7496	7488	-1	0	7367	7587	7488	2782.2	3.434	87	214408	1904.5	810.24	673	27	49545	7476	26.9	-0.279	0.3271	12
0	174	1597.7107	7488	7497	7488	-1	0	7444	7587	7488	2683.9	5.534	11	69987	826.67	484.96	615	27	13415	7489	13.7	-0.0402	0.3792	7
0	175	1674.3782	7488	7498	7488	-1	0	7367	7587	7488	2581.3	5.101	11	112830	488.22	506.07	616	27	28433	7485	18.4	-0.005	0.3249	9
0	176	828.6211	7499	7500	7510	-1	0	7466	7587	7510	2290.6	1.263	62	253782	4437.3	1813.2	1157	27	14490	7506	11.3	-0.1208	0.4072	6
0	177	813.5108	7499	7501	7499	-1	0	7378	7587	7499	3056.8	1.7	78	354569	2832	1797.8	1138	27	23135	7487	18.2	-0.2339	0.3677	9
0	178	1018.6012	7499	7502	7510	-1	0	7444	7587	7510	3940.9	1.611	29	330176	3172.5	2446.9	1076	10	34955	7514	11.3	0.0749	0.3802	6
0	179	933.5465	7499	7503	7444	-1	0	7367	7587	7444	1.3380E+06	4.421	39	8.9810E+07	349206	302652	467007	27	5.3159E+07	7445	20.8	0.1446	0.3083	10
0	180	648.3239	7499	7504	7499	-1	0	7488	7587	7499	3387	0.3881	55	295521	3182	8727.9	11494	27	144824	7499	13	-0.0855	0.3727	5
0	181	973.4008	7499	7505	7499	-1	0	7488	7587	7499	2716.1	1.482	16	141190	1943.5	1832.2	1085	18	81844	7499	13	-0.0783	0.3727	5
0	182	559.3223	7499	7506	7499	-1	0	7422	7587	7499	2616.2	2.841	61	206706	2483	920.94	788	27	81586	7497	18.9	-0.0174	0.3327	9
0	183	787.2388	7499	7507	7499	-1	0	7378	7587	7499	2609.3	1.471	73	431385	2047.8	1774.2	2058	27	15153	7502	11.5	0.0576	0.3769	6
0	184	1507.8018	7499	7508	7499	-1	0	7356	7587	7499	2546.8	2.701	111	246688	2455.9	943.03	840	27	61186	7497	18.4	-0.0075	0.3287	9
0	185	760.5753	7499	7509	7510	-1	0	7455	7587	7510	2745.4	1.268	46	301089	2684.1	2165.7	635	12	15207	7511	9.47	-0.0747	0.4468	5
0	186	513.4662	7510	7511	7378	79	0	7466	7587	7499	23146	0.9449	55	2.1889E+06	17384	24495	10653	27	881076	7499	12.9	-0.1159	0.3727	5
0	187	459.6555	7510	7512	7510	-1	0	7444	7587	7510	7685.3	10.37	11	177888	7031.2	741.21	1456	27	88937	7507	18	0.0046	0.3234	9
0	188	447.2451	7510	7513	7510	-1	0	7433	7587	7510	7188.1	8.137	11	210852	6044.3	883.37	1368	27	87326	7508	18.1	-0.014	0.326	9
0	189	757.5994	7510	7514	7510	-1	0	7477	7587	7510	6589.4	1.166	45	576095	6171.5	5651.4	4470	27	27530	7502	10.5	-0.0967	0.3946	6
0	190	503.5096	7510	7515	7510	-1	0	7455	7587	7510	4744.9	10.05	11	79917	3057.5	472.36	887	27	39688	7510	16.1	0.0109	0.3268	9
0	191	850.9245	7510	7516	7444	-1	0	7400	7587	7444	6775.7	1.781	52	775892	3979.8	3804.6	1659	27	114179	7445	27.7	0.0856	0.2994	12
0	192	510.0687	7510	7517	7510	-1	0	7455	7587	7510	4184.4	8.384	11	82842	2137.3	499.11	831	27	37455	7505	16.7	-0.1092	0.3638	8
0	193	479.4812	7510	7518	7488	-1	0	7367	7587	7488	2447.4	2.327	103	291346	2089.9	1051.9	1155	27	107492	7469	30	-0.0531	0.3065	13
0	194	701.9744	7510	7519	7510	-1	0	7389	7587	7510	3963.1	2.187	14	275855	2924.7	1812	1546	27	23190	7505	11.8	-0.0529	0.4081	6
0	195	723.3226	7510	7520	7488	-1	0	7389	7587	7488	1693.7	1.822	99	213784	734.96	929.7	793	27	51663	7484	23.9	-0.2465	0.3405	11
0	196	933.4763	7521	7522	7444	-1	0	7367	7587	7444	1.3380E+06	4.421	39	8.9810E+07	98334	302652	467007	27	5.3159E+07	7445	20.8	0.1446	0.3083	10
0	197	935.4861	7521	7523	7444	-1	0	7367	7587	7444	234126	4.445	37	1.5546E+07	15162	52673	80342	27	9.1940E+06	7446	20.8	0.1306	0.311	10
0	198	650.2019	7521	7524	7521	-1	0	7466	7587	7521	7596.5	1.703	37	470417	7928.8	4459.8	3632	9	35639	7522	9.19	-0.0758	0.4381	5
0	199	765.5682	7521	7525	7510	-1	0	7444	7587	7510	2597.6	1.304	65	265995	3228.1	1992.2	1022	10	17095	7513	10.4	0.0419	0.3751	6
0	200	810.2202	7521	7526	7510	-1	0	7444	7587	7510	5464.9	1.292	70	552740	4595.4	4229.9	1926	10	15253	7511	9.04	-0.0762	0.4338	5
0	201	842.5876	7521	7527	7521	-1	0	7466	7587	7521	3352	0.8043	60	1.0280E+06	2258.4	4167.5	8111	27	129020	7522	12.4	-0.1194	0.3727	5
0	202	877.4775	7521	7528	7510	-1	0	7455	7587	7510	1913.4	2.198	73	161119	2006.5	870.5	656	27	45462	7512	15.6	-0.0112	0.3352	8
0	203	812.2712	7521	7529	7510	-1	0	7466	7587	7510	2649.2	1.074	52	321983	2847.1	2466.6	1624	27	107258	7510	12.7	-0.0753	0.3727	5
0	204	1129.5134	7521	7530	7510	-1	0	7301	7587	7510	1913.9	1.471	71	318441	1486.7	1300.8	603	18	25416	7504	14.9	-0.0888	0.3514	8
0	205	1585.7257	7521	7531	7510	-1	0	7466	7587	7510	1274	1.603	52	120396	928.48	794.98	589	27	25590	7497	19	-0.1411	0.3384	9
0	206	949.377	7532	7533	7466	-1	0	7367	7587	7466	31283	2.607	89	3.7138E+06	8503.7	11998	7349	15	1.6669E+06	7466	28.7	0.0408	0.2946	13
0	207	629.3379	7532	7534	7510	-1	0	7389	7587	7510	2918.1	1.157	85	401829	4209.1	2523	868	10	9465.3	7510	9.24	-0.0165	0.4248	5
0	208	522.3218	7532	7535	7521	-1	0	7455	7587	7521	3134.5	1.247	40	295154	3846.8	2514	854	10	14508	7517	8.45	0.2627	0.3812	5
0	209	757.4726	7532	7536	7510	-1	0	7477	7587	7510	6589.4	1.166	45	576095	3434	5651.4	4470	27	27530	7502	10.5	-0.0967	0.3946	6
0	210	609.5521	7532	7537	7444	-1	0	7378	7587	7444	8729.5	2.864	55	813846	2172.5	3047.5	2874	27	323433	7448	20.6	0.0882	0.2979	10
0	211	499.4983	7532	7538	7510	-1	0	7444	7587	7510	3529.1	1.675	64	293480	2501.1	2107.5	695	11	17355	7511	9.67	-0.0993	0.3879	5
0	212	636.5234	7532	7539	7455	-1	0	7389	7587	7455	1882.8	1.494	104	268580	1635.7	1260.3	785	27	29238	7467	24.8	0.4822	0.3747	11
0	213	799.3376	7532	7540	7488	-1	0	7389	7587	7488	3458.4	1.914	47	335500	2003.6	1806.8	1398	27	68795	7493	16.2	0.0107	0.3518	8
0	214	873.5502	7532	7541	7499	-1	0	7444	7587	7499	2312.9	1.007	86	269417	2159.5	2296	1930	27	94192	7500	12.7	-0.1365	0.3727	5
0	215	955.3528	7532	7542	7444	-1	0	7367	7587	7444	57359	3.7	64	4.5664E+06	1345.4	15502	21902	27	2.5632E+06	7447	21.9	0.1339	0.2875	10
0	216	795.1422	7543	7544	7510	-1	0	7400	7587	7510	3499.5	1.496	106	489299	2670.7	2338.6	1287	27	35294	7502	14.7	-0.236	0.3981	7
0	217	550.3785	7543	7545	7521	-1	0	7455	7587	7521	1669.2	2.883	37	116487	2415.3	578.97	625	27	33390	7519	14.1	0.0415	0.3639	7
0	218	1271.83	7543	7546	7455	-1	0	7378	7587	7455	1943	1.638	113	246709	1870	1185.9	702	27	31721	7465	21.5	0.34	0.3074	10
0	219	1100.7727	7543	7547	7521	-1	0	7477	7587	7521	1586.3	1.238	62	148000	1971.3	1281.8	761	18	52639	7520	12.5	0.0114	0.3727	5
0	220	762.9882	7543	7548	7510	-1	0	7444	7587	7510	1637.2	1.33	72	223256	1582.5	1230.9	1004	27	13044	7505	11.5	-0.0635	0.4004	6
0	220	762.9882	7543	7551	7510	-1	0	7444	7587	7510	1637.2	1.33	72	223256	1582.5	1230.9	1004	27	13044	7505	11.5	-0.0635	0.4004	6
0	221	1558.5627	7543	7549	7521	-1	0	7455	7587	7521	893.14	1.481	38	93704	1316.7	603.26	685	27	8868.2	7517	11.2	-0.1129	0.4058	6
0	222	816.2885	7543	7550	7521	-1	0	7466	7587	7521	1521.2	1.38	72	156730	1560.6	1102.6	1091	27	10631	7520	9.4	0.0568	0.4163	5
0	223	604.4498	7543	7552	7444	-1	0	7301	7587	7444	3712	1.691	94	653947	1585.7	2195	680	27	75381	7441	28.6	-0.0548	0.279	14
0	224	476.5518	7543	7553	7510	-1	0	7466	7587	7510	2441.8	1.793	39	200756	1625	1361.9	579	18	18823	7511	12.9	-0.0867	0.3669	7
0	225	620.3769	7554	7555	7444	-1	0	7367	7587	7444	7900.8	2.001	45	1.0003E+06	2878	3947.6	1768	27	196160	7450	23	0.1781	0.2921	11
0	226	844.6309	7554	7556	7521	-1	0	7466	7587	7521	1198.1	0.7315	84	226670	2419.4	1637.9	1288	27	47107	7520	12.5	-0.0009	0.3727	5
0	227	427.3999	7554	7557	7444	-1	0	7367	7587	7444	4200.8	2.165	50	480046	2269.4	1940.7	1066	16	125028	7451	21.6	0.3653	0.2764	11
0	228	811.5739	7554	7558	7521	-1	0	7455	7587	7521	2824.4	1.642	35	202347	1789.6	1720.4	760	9	77427	7520	12.5	-0.0027	0.3727	5
0	229	697.4813	7554	7559	7499	-1	0	7422	7587	7499	1833.2	1.495	131	210899	1693.3	1225.9	923	27	25981	7497	15.4	-0.1219	0.3682	8
0	230	522.2966	7554	7560	7521	-1	0	7455	7587	7521	3134.5	1.247	40	295154	1911.6	2514	854	10	14508	7517	8.45	0.2627	0.3812	5
0	231	767.6151	7554	7561	7510	-1	0	7444	7587	7510	1850.4	1.733	98	191974	1446	1067.7	674	27	32474	7505	14.8	-0.0131	0.3414	8
0	232	806.4714	7554	7562	7521	-1	0	7477	7587	7521	961.42	0.5004	55	385342	3078.2	1921.3	3100	27	38363	7521	12.6	-0.0366	0.3727	5
0	233	486.1626	7554	7563	7455	-1	0	7367	7587	7455	9363.3	3.013	59	801520	845.42	3107.9	2269	16	309532	7454	21.9	0.1218	0.2996	11
0	234	692.2523	7554	7564	7433	-1	0	7367	7587	7433	3102.6	1.497	99	475128	1287.1	2071.9	695	27	50318	7444	29.9	0.1698	0.2812	13
0	235	754.5803	7565	7566	7510	-1	0	7356	7587	7510	36870	1.75	33	3.6113E+06	21591	21071	6359	9	483551	7508	13.5	0.043	0.357	7
0	236	625.387	7565	7567	7444	-1	0	7389	7587	7444	4262	1.349	81	637509	2597.9	3158.8	891	27	51730	7448	28	0.0032	0.2789	13
0	237	842.5982	7565	7568	7521	-1	0	7466	7587	7521	3352	0.8043	60	1.0280E+06	12329	4167.5	8111	27	129020	7522	12.4	-0.1194	0.3727	5
0	238	923.166	7565	7569	7499	-1	0	7444	7587	7499	2786.9	1.443	75	194714	2370	1932	1797	27	71259	7499	12.6	-0.0868	0.3727	5
0	239	870.3984	7565	7570	7378	20	0	7543	7565	7565	2427.7	0.0552	11	63968	2033.8	43958	93825	27	0	0	0	0	0	0
0	240	865.4445	7565	7571	7466	-1	0	7367	7587	7466	1929.2	2.118	135	195489	2361.4	911.01	902	27	8394.4	7470	12	0.0664	0.3912	6
0	241	804.306	7565	7572	7499	-1	0	7378	7587	7499	5855.3	2.947	39	461347	2197.1	1986.6	1255	27	61734	7497	16.7	-0.1371	0.3502	8
0	242	1112.5508	7565	7573	7510	-1	0	7444	7587	7510	1351.6	2.092	84	126568	1057.3	645.98	646	27	30039	7507	15.3	-0.0578	0.3594	8
0	243	993.6721	7565	7574	7455	-1	0	7367	7587	7455	1203.5	1.125	107	219465	1185.9	1069.5	526	18	5925.3	7459	17.4	0.3767	0.3092	9
0	244	689.51	7565	7575	7455	-1	0	7378	7587	7455	4237.6	1.649	67	569556	2400.7	2569.4	1243	27	99134	7462	22.7	0.2003	0.2964	11
0	245	657.3933	7576	7577	7488	-1	0	7444	7587	7488	2204.6	0.495	77	262511	4986	4453.3	7491	27	81329	7488	12.2	-0.0765	0.3727	5
0	246	673.4001	7576	7578	7510	-1	0	7389	7587	7510	2162.1	1.957	38	247788	2941	1105	1080	27	20354	7513	12.8	-0.0879	0.3817	7
0	247	1117.5814	7576	7579	7499	-1	0	7367	7587	7499	764.39	0.8823	110	217178	2802.9	866.35	1069	27	32623	7499	13	-0.0947	0.3727	5
0	248	535.3917	7576	7580	7510	-1	0	7477	7587	7510	2425	0.8237	44	176478	2002.6	2943.9	2064	27	70084	7510	12.6	-0.0488	0.3727	5
0	249	822.8352	7576	7581	7510	-1	0	7466	7587	7510	2998.7	1.263	108	317467	2088.5	2373.4	1702	27	22364	7503	15.3	-0.6921	0.4357	8
0	250	664.4322	7576	7582	7433	-1	0	7301	7587	7433	4235.5	1.865	79	676973	1957.5	2271.5	1105	27	86693	7429	20.2	-0.0027	0.3037	10
0	251	865.6237	7576	7583	7466	-1	0	7367	7587	7466	1929.2	2.118	135	195489	1899.5	911.01	902	27	8394.4	7470	12	0.0664	0.3912	6
0	252	951.2806	7576	7584	7455	-1	0	7367	7587	7455	6864.4	2.339	87	858233	1526.8	2934.4	1681	15	320291	7462	28.2	0.1505	0.2819	13
0	253	784.5041	7576	7585	7510	-1	0	7389	7587	7510	1078.6	1.475	66	140967	1349	731.51	646	27	11896	7511	12.7	-0.0554	0.364	7
0	254	839.9452	7576	7586	7510	-1	0	7466	7587	7510	1128.5	1.25	108	121339	1120.7	902.63	801	27	7085.2	7505	11.3	-0.0247	0.3969	6
0	255	793.6594	7587	7588	7510	-1	0	7389	7587	7510	37739	1.209	80	4.3762E+06	28202	31225	8046	9	1.3033E+06	7511	12.7	-0.1234	0.3727	5
0	255	793.6594	7587	7589	7510	-1	0	7389	7587	7510	37739	1.209	80	4.3762E+06	28202	31225	8046	9	1.3033E+06	7511	12.7	-0.1234	0.3727	5
0	256	809.452	7587	7590	7510	-1	0	7444	7587	7510	5464.9	1.279	72	559308	4407.6	4273.5	1097	9	184833	7511	12.6	-0.1143	0.3727	5
0	257	1099.2406	7587	7591	7433	-1	0	7356	7587	7433	5821.2	2.831	29	560556	2596.5	2056	2013	27	182032	7440	22.4	0.3472	0.2764	11
0	258	830.59	7587	7592	7499	-1	0	7433	7587	7499	2741.4	2.617	50	199340	2266.1	1047.6	613	27	35838	7502	15.3	0.0226	0.3342	8
0	259	659.3993	7587	7593	7510	-1	0	7444	7587	7510	3662.5	1.889	11	202823	2105.7	1938.7	2437	27	80592	7510	12.6	-0.0679	0.3727	5
0	260	1001.5763	7587	7594	7488	-1	0	7356	7587	7488	2178.1	2.035	93	274253	2090.6	1070.2	798	27	45211	7485	22.8	-0.2839	0.3475	11
0	261	726.2357	7587	7595	7455	-1	0	7400	7587	7455	712.33	1.601	85	84885	1879.9	445.03	413	27	1797.8	7455	9.39	-0.0325	0.4227	5
0	262	1651.3359	7587	7596	7521	-1	0	7477	7587	7521	551.5	1.168	38	59740	1835.5	472.1	607	27	18633	7521	12.3	-0.0962	0.3727	5
0	263	867.4581	7587	7597	7466	-1	0	7411	7587	7466	761.76	1.009	77	111810	1650.5	754.77	522	27	31466	7466	12.8	-0.0611	0.3727	5
