Scan_First	ScanTime	495.285_to_409.261	495.285_to_506.330	495.285_to_607.377	514.790_to_383.743	514.790_to_556.341	514.790_to_766.478	515.947_to_667.340	515.947_to_723.882	515.947_to_784.382	515.947_to_897.466	522.581_to_429.248	522.581_to_560.289	522.581_to_631.326	539.626_to_694.880	539.626_to_759.401	539.626_to_824.486	543.287_to_213.160	543.287_to_873.413	543.287_to_972.482	589.819_to_510.784	589.819_to_559.323	589.819_to_696.382	601.374_to_777.435	601.374_to_890.519	601.374_to_989.588	640.342_to_510.266	640.342_to_724.397	640.342_to_1019.525	640.869_to_540.811	640.869_to_854.519	640.869_to_951.572	675.345_to_252.180	675.345_to_519.338	675.345_to_763.459	686.368_to_672.370	686.368_to_785.454	686.368_to_1072.566	734.869_to_345.140	734.869_to_881.512	734.869_to_1239.625	773.417_to_426.270	773.417_to_897.466	773.417_to_1034.525	774.445_to_794.980	774.445_to_980.564	774.445_to_1030.098	783.368_to_429.248	783.368_to_860.432	783.368_to_1219.529	849.428_to_671.343	849.428_to_1131.542	849.428_to_1341.679	368.710_to_263.661	368.710_to_542.332	368.710_to_599.354	427.231_to_510.266	427.231_to_583.800	427.231_to_724.397	458.760_to_265.118	458.760_to_511.323	458.760_to_624.407	486.778_to_502.312	486.778_to_615.396	486.778_to_728.480	490.249_to_441.260	490.249_to_586.323	490.249_to_685.391	490.249_to_881.512
5000	4.9301	0.981	0.947	20.224	0.965	0.969	0.955	0.952	1.044	0.779	0.890	0.924	0.920	0.933	0.899	0.917	0.952	0.901	0.939	1.619	137.967	0.927	0.913	0.949	0.932	0.928	0.974	0.932	0.920	0.904	0.910	0.912	1.003	1.034	0.984	0.905	0.923	0.983	1.011	0.967	0.974	0.978	0.922	0.943	0.930	0.979	0.933	0.894	0.926	1.003	0.929	0.925	0.930	102.213	109.286	0.946	2.251	0.955	0.925	0.959	0.930	0.924	15.218	0.897	0.903	0.912	0.898	0.943	0.897
5022	4.95173	0.981	0.976	0.936	0.941	0.927	0.941	0.914	0.959	0.903	0.922	0.957	0.900	0.926	0.909	0.911	0.899	0.903	5.393	0.918	0.916	0.917	0.945	0.917	0.885	0.891	0.905	0.899	0.942	0.915	0.919	0.965	0.914	0.920	0.924	0.885	0.942	0.979	0.945	0.937	1.002	0.929	0.927	1.006	0.888	0.963	0.992	0.958	0.943	0.960	0.954	1.032	0.973	162.058	0.914	0.899	0.928	0.940	0.943	0.957	1.007	0.892	0.946	0.949	0.927	80.436	0.870	0.962	0.940
5044	4.97337	0.964	1.016	0.937	1.454	1.055	1.003	0.974	0.965	0.984	1.012	0.980	0.993	1.002	0.986	0.989	0.996	4.937	0.915	0.973	14.735	1.092	1.053	0.967	0.965	0.972	0.969	0.983	0.962	0.935	0.919	0.929	0.915	0.974	0.936	0.892	0.906	0.963	0.906	0.926	0.951	0.924	0.899	0.958	0.907	0.894	0.936	0.903	0.948	0.932	0.981	0.975	0.936	175.775	0.932	0.888	0.951	0.949	0.915	0.977	1.884	0.912	0.949	0.951	0.910	4.302	0.937	0.920	0.921
5066	4.99498	0.925	0.893	0.916	0.909	0.902	0.918	0.945	0.887	0.941	0.904	0.957	0.928	0.916	0.895	0.899	0.917	0.904	1.265	0.964	1.849	0.898	0.918	0.919	0.899	0.946	12.809	0.902	0.915	0.935	0.912	0.911	0.890	0.939	0.974	0.906	0.937	0.944	0.999	0.926	0.947	0.940	0.986	0.948	0.900	0.958	0.966	0.907	0.910	0.962	0.869	0.977	0.933	102.321	0.712	0.885	0.954	0.931	0.923	0.915	0.918	0.930	0.911	3.501	2.226	0.927	0.887	0.928	0.905
5088	5.0166	0.903	0.932	0.950	0.897	0.908	0.905	0.942	30.047	0.948	0.934	0.931	0.905	0.932	0.949	0.931	0.964	0.923	63.689	0.874	0.946	0.903	10.539	0.933	0.919	0.944	0.918	0.879	0.913	4.487	1.042	0.988	0.917	0.959	0.941	0.917	0.925	1.007	0.939	1.031	0.986	1.023	0.997	1.024	0.998	0.938	0.984	0.966	0.988	0.964	0.968	0.956	0.965	9.049	19.597	1.047	0.926	0.854	0.873	5.594	3.209	0.910	0.938	0.987	1.017	1.008	0.930	0.939	0.927
5110	5.03842	0.967	0.946	0.906	0.930	3.005	0.906	0.897	0.919	0.906	0.940	0.897	0.943	0.931	0.940	0.937	0.978	1.047	1.020	1.011	0.974	0.906	1.025	0.987	0.929	1.005	1.006	0.993	0.975	0.972	1.020	1.137	0.945	5.464	0.930	0.914	0.963	0.954	1.028	0.985	1.016	0.971	0.949	0.980	0.918	0.896	0.968	0.950	0.904	0.953	0.938	0.971	0.944	39.573	0.905	0.810	0.934	0.914	0.939	0.934	0.890	0.918	0.955	0.894	0.898	0.922	0.909	0.948	0.910
5132	5.06008	0.933	1.027	0.938	0.963	0.926	0.920	0.890	0.960	0.902	0.927	0.928	0.919	0.859	0.922	0.902	0.934	0.953	0.928	0.908	1.167	0.889	0.879	0.939	0.914	0.942	1.025	1.030	0.963	0.956	0.949	0.945	0.993	0.937	0.890	0.898	0.923	0.972	0.949	0.934	0.950	0.955	0.920	0.969	0.891	0.951	0.958	0.948	0.900	0.943	0.893	0.952	0.984	199.535	0.940	76.762	0.901	0.763	0.908	0.922	0.924	0.925	0.919	0.946	0.910	0.909	0.931	0.939	0.913
5154	5.08195	26.998	0.990	0.955	0.933	0.960	0.889	0.934	0.893	0.928	0.930	1.023	0.940	0.929	0.953	0.931	0.947	4.238	0.977	0.900	35.172	0.931	0.929	0.890	0.908	0.920	0.918	0.904	0.894	0.938	0.919	0.943	0.918	0.915	0.992	0.941	0.932	1.004	0.925	0.920	0.935	0.957	0.957	0.997	0.938	0.880	0.980	0.934	0.894	0.956	0.966	1.012	0.962	189.298	0.950	0.885	0.944	0.908	0.937	1.044	0.981	0.937	0.962	0.885	0.948	0.941	0.906	0.899	0.956
5176	5.10357	0.928	0.929	0.920	0.939	0.952	1.000	0.937	0.970	0.902	0.983	0.978	0.959	1.013	0.930	0.924	0.942	0.988	0.992	0.985	0.964	1.126	1.167	1.078	1.058	1.020	0.996	1.098	1.056	0.999	0.985	1.009	0.963	0.895	0.946	0.962	0.906	0.968	0.963	0.929	0.984	0.997	0.948	0.958	0.949	0.958	1.004	1.846	0.907	0.968	0.940	0.974	0.967	8.244	1.288	1.041	0.987	0.930	0.934	115.552	0.986	0.880	0.987	0.964	0.972	0.985	0.971	0.982	0.958
5198	5.12542	0.965	0.944	0.931	0.996	0.956	0.959	1.015	1.011	0.963	0.953	6.820	0.931	0.959	0.967	0.960	0.938	5.008	0.925	0.969	0.954	0.907	0.935	0.969	0.977	1.002	0.952	0.937	0.888	0.943	0.916	0.894	0.945	0.894	0.876	0.901	0.936	0.967	0.922	0.943	0.965	0.897	0.957	1.018	0.978	0.988	1.065	0.966	0.999	0.995	0.963	1.014	1.011	118.884	0.946	1.885	0.941	0.955	0.922	0.907	0.873	0.938	0.961	0.903	0.932	2.245	0.915	0.936	0.945
5220	5.14705	1.001	0.969	0.866	10.477	0.919	0.938	0.966	0.950	2.437	0.939	0.903	0.920	0.913	0.855	0.927	0.926	0.912	0.896	0.917	0.954	0.943	0.934	0.925	0.906	0.968	0.959	0.972	0.908	2.654	1.021	0.947	0.937	0.936	0.889	0.905	0.898	0.986	0.932	0.973	0.991	0.972	0.952	0.930	0.982	0.912	0.912	0.907	0.941	0.908	0.920	0.970	0.973	470.278	0.892	0.850	0.961	0.944	0.918	0.982	0.948	92.358	1.036	1.047	1.021	0.959	1.011	1.064	0.977
5242	5.1689	0.981	1.000	0.886	9.263	0.958	0.956	0.919	0.910	0.951	0.945	2.799	0.954	0.901	0.952	0.987	0.958	1.021	1.111	1.049	4.738	0.965	0.950	0.908	1.008	0.954	0.993	1.010	1.019	1.028	0.962	0.908	0.951	0.932	0.944	0.938	0.927	0.973	0.944	0.955	0.987	1.036	1.058	0.988	0.937	1.032	1.013	1.006	0.925	1.004	0.961	1.056	1.020	270.256	80.876	0.914	16.872	1.127	1.048	2.952	1.045	1.040	0.957	6.054	0.951	0.981	0.973	0.996	0.911
5264	5.19052	0.767	0.945	2.159	1.137	1.149	1.004	0.978	0.901	0.996	0.994	0.904	0.960	0.983	0.931	0.901	0.915	0.950	0.902	0.955	2.345	0.978	0.976	0.953	0.944	0.942	0.959	0.936	0.955	0.947	1.073	1.000	0.923	1.013	1.008	0.989	0.943	1.008	1.015	0.936	0.991	0.951	0.947	0.920	0.894	0.945	0.959	0.895	0.904	0.988	0.891	0.960	0.972	1.395	2.169	0.883	0.958	0.959	0.927	1.896	0.916	0.947	0.918	0.879	0.917	0.942	0.924	0.906	0.935
5286	5.21213	0.912	0.939	0.951	1.018	1.044	1.066	1.117	1.057	1.110	0.987	33.535	1.043	1.002	0.901	1.053	1.030	0.913	0.896	1.002	1.003	0.932	0.976	0.971	0.949	0.941	0.971	0.974	0.938	0.978	0.937	0.938	0.960	26.155	0.901	0.886	0.915	0.956	0.988	0.943	0.998	0.974	0.902	0.973	0.943	0.930	1.004	0.929	0.971	0.924	0.959	0.945	0.975	1.348	0.911	0.936	0.933	0.926	0.970	0.951	0.928	0.931	0.976	0.913	0.899	0.899	0.984	0.987	0.950
5308	5.23377	0.942	0.939	0.915	91.062	0.996	0.977	0.945	0.934	0.926	0.931	6.439	0.948	0.957	0.939	0.930	0.966	0.948	0.949	0.951	265.491	0.955	0.891	0.923	0.910	0.894	0.982	0.968	0.937	0.928	0.898	0.909	0.949	0.885	0.908	0.914	1.016	1.068	0.980	0.963	1.010	4.768	0.959	1.026	0.951	0.917	0.991	1.019	0.948	0.980	0.990	1.035	1.048	0.956	0.957	0.704	1.181	0.921	1.049	171.647	0.925	3.316	0.911	0.907	0.892	0.936	0.934	0.939	0.918
5330	5.25538	0.944	0.960	0.923	0.932	0.961	0.968	0.930	0.953	0.910	0.884	0.983	1.014	0.980	0.961	0.952	1.011	0.946	0.986	1.027	50.213	0.876	0.919	0.945	0.942	0.979	0.920	0.907	0.939	0.892	0.929	0.911	0.948	0.932	0.921	0.902	0.907	1.010	0.924	0.959	1.061	0.991	0.906	0.926	0.950	0.949	0.979	3.850	0.925	0.947	0.896	0.937	0.989	74.979	24.125	0.936	0.963	0.909	0.916	9.879	0.959	0.922	0.957	0.931	0.971	0.909	0.925	0.977	0.924
5352	5.277	0.943	0.933	0.959	1.057	1.042	1.040	1.033	0.999	0.945	0.914	0.975	0.959	0.955	0.998	0.917	0.948	0.979	0.959	0.986	1.030	0.943	0.926	0.920	0.918	0.945	1.069	0.992	0.991	0.953	0.974	0.942	0.970	0.990	0.984	0.975	1.042	0.983	0.898	0.926	0.990	0.930	0.746	0.972	0.942	1.013	0.961	1.042	0.910	1.015	0.897	1.013	0.973	527.499	0.907	0.916	0.940	0.923	0.918	0.973	28.875	0.920	225.148	1.013	0.976	6.818	0.943	0.962	1.028
5374	5.29863	0.929	0.927	0.955	1.038	1.068	1.053	0.984	0.913	0.964	0.945	0.951	0.965	1.018	1.060	0.992	1.076	1.024	0.985	0.950	0.943	0.914	0.950	0.915	0.990	1.009	1.024	1.049	0.956	0.989	0.960	0.970	0.926	0.986	0.951	0.928	0.913	1.026	0.980	0.969	1.010	0.967	0.965	1.029	1.046	1.019	1.002	0.984	0.973	0.965	1.001	1.106	1.067	362.477	0.976	70.830	0.941	0.939	0.941	0.989	76.434	0.952	0.979	0.986	0.969	1.011	0.995	0.970	0.971
5396	5.32048	1.059	0.919	0.931	0.951	0.929	0.942	0.959	0.937	0.957	0.960	1.000	1.074	0.973	0.978	0.942	0.957	26.377	1.186	1.206	91.912	0.995	1.002	1.079	1.036	1.065	1.033	1.074	1.097	1.095	1.074	1.005	1.138	1.038	1.066	1.077	1.047	1.072	0.998	1.007	1.184	1.095	1.073	1.086	0.985	0.915	0.997	0.958	0.934	0.938	0.982	1.041	0.999	1.102	0.879	5.218	1.008	0.915	0.938	0.918	0.957	7.224	0.923	0.940	0.924	5.585	0.935	0.904	1.025
5418	5.3421	8.180	0.955	0.939	2.673	0.964	0.914	0.985	1.031	1.061	39.238	1.091	1.071	1.077	1.027	0.995	1.014	1.034	1.038	0.960	387.341	1.020	1.038	1.091	1.126	0.929	0.993	1.103	1.002	0.969	1.038	0.996	0.991	0.935	0.914	0.936	0.901	0.952	107.280	0.940	0.985	1.016	0.995	1.157	0.981	1.003	1.037	1.080	0.994	1.052	0.937	1.006	0.982	284.775	0.921	1.039	0.942	0.930	0.960	0.994	0.970	1.022	0.948	0.892	0.950	0.990	1.016	0.935	0.988
5440	5.36397	0.979	1.038	0.946	7.706	0.953	0.934	0.887	0.939	0.960	1.004	0.930	0.942	0.897	0.922	0.917	0.980	0.987	0.976	0.929	0.970	1.021	1.014	1.051	0.980	0.923	1.014	0.961	0.976	0.977	0.966	0.957	0.977	0.930	0.952	0.987	0.969	1.005	0.950	0.961	0.933	0.924	0.933	1.006	0.984	0.927	1.010	0.945	1.026	1.027	2.170	1.030	0.966	74.745	53.612	212.704	0.931	224.450	1.015	43.418	0.920	0.931	1.001	0.936	0.924	3.526	0.925	0.912	0.926
5462	5.38558	0.926	89.717	0.953	0.939	0.877	0.919	3.639	0.929	0.969	0.971	5.768	0.960	1.026	0.986	1.037	0.931	5.834	1.023	1.038	6.978	1.030	1.033	0.959	0.998	0.968	1.003	0.986	0.960	14.349	1.010	0.954	0.984	0.998	0.943	0.890	1.000	0.986	0.956	0.956	0.911	0.967	0.903	0.956	3.273	0.971	0.977	0.919	0.903	0.990	0.900	0.967	0.964	2.522	0.882	0.939	0.929	9.819	0.897	1.787	0.985	1.010	0.990	0.927	0.992	1.024	0.967	1.016	0.927
5484	5.4072	1.052	0.990	0.887	0.925	0.965	1.075	0.932	0.925	0.915	0.977	0.932	0.892	0.895	0.929	0.922	0.969	0.971	0.951	0.921	1.851	0.927	0.918	0.935	0.909	0.930	0.929	0.948	0.924	0.960	0.889	0.886	0.913	0.897	0.992	0.938	1.005	0.978	0.986	0.977	0.961	0.986	0.965	0.975	0.941	0.984	0.978	0.923	0.906	0.959	0.892	0.983	0.918	1.461	0.903	0.959	0.975	0.927	0.925	0.979	0.979	0.931	0.973	0.922	0.951	0.964	0.908	0.952	0.887
5506	5.42882	0.909	0.926	0.894	0.905	0.938	0.884	0.895	0.888	0.912	0.973	0.971	0.896	0.935	0.947	0.893	0.886	0.945	7.568	0.888	6.689	0.936	0.905	0.923	0.887	0.899	0.904	0.926	0.919	0.897	0.997	0.972	0.911	0.896	0.902	0.914	0.936	0.973	127.890	0.964	1.055	1.065	0.934	1.014	0.899	0.922	0.978	0.934	0.859	0.939	0.915	0.970	0.997	113.237	0.934	0.889	0.949	0.902	0.913	29.146	0.931	0.895	0.979	0.919	0.978	0.921	0.938	0.953	0.954
5528	5.45045	0.934	0.977	1.021	0.971	0.938	0.923	0.923	0.914	0.939	0.922	3.465	0.950	0.965	0.884	0.916	0.914	0.906	0.903	0.950	196.576	0.928	0.895	0.927	0.933	0.908	0.954	0.918	0.910	0.906	0.906	0.948	0.951	0.941	0.915	0.948	0.976	0.970	0.932	0.921	0.927	0.913	0.909	0.973	0.910	0.929	0.993	0.940	0.905	0.938	0.924	0.929	0.944	89.569	0.908	0.894	0.947	0.992	0.928	336.302	39.364	0.938	0.936	0.938	0.968	0.940	0.937	0.912	0.964
5550	5.47207	8.704	0.886	0.928	0.917	0.951	0.930	0.970	0.927	0.998	0.950	0.968	0.922	0.950	0.928	0.956	0.917	0.930	0.961	0.935	238.646	0.977	0.968	0.922	0.871	0.910	0.915	0.921	0.892	0.933	0.970	0.910	0.930	0.912	0.907	10.457	0.930	0.932	1.020	0.949	0.981	0.983	0.913	0.932	0.967	0.929	0.942	0.914	0.925	0.925	0.951	0.959	1.021	144.308	0.925	0.958	0.958	0.940	0.950	1.013	93.005	0.972	0.967	0.952	0.912	0.939	0.927	0.967	0.934
5572	5.49368	2.720	0.933	0.923	0.922	0.903	0.923	0.928	0.918	0.966	0.893	0.949	0.913	0.947	0.968	0.907	0.974	0.917	0.937	0.923	7.752	0.923	0.922	0.919	0.854	0.893	0.911	0.916	0.906	0.944	0.897	0.913	0.906	0.912	0.893	0.932	0.950	0.964	0.940	0.914	0.988	1.118	0.892	0.977	0.895	0.908	0.936	0.931	0.937	0.978	0.920	0.979	1.024	96.081	0.947	158.192	0.972	0.951	0.964	0.977	124.435	14.900	1.044	0.905	0.921	11.117	0.897	0.908	0.927
5594	5.51555	2.769	0.926	0.943	0.912	0.936	0.893	0.945	0.935	2.744	0.953	0.923	0.982	0.970	0.961	0.897	0.959	0.949	0.921	0.912	1.248	0.884	0.917	3.046	0.925	0.917	0.923	0.931	0.886	0.947	0.889	0.914	0.959	0.890	0.908	0.901	0.904	0.912	0.925	0.950	0.947	0.933	0.925	0.900	0.907	0.908	0.929	0.935	0.940	0.964	0.935	0.977	0.985	115.376	0.927	1.581	0.922	0.920	0.923	12.605	0.920	0.888	0.935	0.925	0.899	0.825	0.946	0.922	0.927
5616	5.53717	0.951	0.947	0.899	1.160	0.962	0.917	3.509	0.897	0.920	0.897	0.934	0.915	0.909	0.970	0.954	0.933	0.927	0.915	0.949	0.942	0.901	0.883	0.918	0.930	0.923	0.910	0.906	0.942	0.883	0.921	0.938	0.912	0.886	0.892	0.918	0.916	0.979	0.930	0.928	0.974	0.987	1.052	1.066	0.932	0.987	0.909	0.995	0.995	1.005	1.022	1.055	1.032	464.503	37.984	0.922	0.874	0.944	0.930	170.663	0.950	0.882	0.901	0.951	0.893	0.937	0.903	0.889	0.916
5638	5.559	4.199	0.964	0.919	0.927	0.939	0.913	0.921	0.930	0.918	0.922	0.897	0.910	0.980	0.938	0.884	0.970	15.257	0.983	0.953	0.951	0.929	0.967	0.951	0.890	0.918	0.957	0.933	0.901	0.905	0.905	0.896	0.945	0.919	0.901	0.943	0.965	0.975	0.915	0.921	1.020	0.903	0.974	0.970	0.894	0.966	1.052	0.955	0.930	0.970	0.923	0.977	6.120	36.585	1.015	0.958	1.006	0.943	0.918	0.926	0.996	0.926	0.933	3.034	0.956	0.937	0.915	1.011	0.935
5660	5.58062	0.929	0.922	0.898	0.915	0.930	0.934	0.905	0.890	0.932	0.952	7.196	0.903	0.907	0.894	0.918	0.897	0.923	0.898	0.915	1.005	0.930	0.906	0.923	0.879	0.925	1.160	0.943	0.857	0.935	0.924	0.936	0.934	0.963	0.956	0.940	0.981	0.980	0.953	0.925	0.964	0.927	1.046	1.116	1.014	0.958	0.974	0.996	0.981	0.994	0.935	1.031	1.080	294.757	1.019	1.027	1.025	1.000	1.063	0.947	0.952	0.908	0.925	0.932	0.943	0.977	0.943	0.970	0.905
5682	5.60243	0.960	0.932	0.916	2.369	0.899	0.905	0.911	0.951	0.945	0.901	0.927	0.892	0.937	0.956	0.937	0.914	6.057	0.904	0.922	30.024	0.949	0.917	0.893	0.893	0.962	0.955	0.958	0.939	0.934	0.958	0.914	0.915	0.918	0.909	0.912	0.913	0.957	0.973	0.924	0.980	0.914	0.931	0.953	0.880	0.906	0.893	0.943	0.915	0.923	0.879	0.949	0.959	519.396	0.935	0.880	0.925	0.933	17.508	44.478	0.946	0.921	0.886	0.932	0.928	0.943	0.960	0.926	0.904
5704	5.62405	3.536	0.942	0.916	28.265	0.949	0.935	0.930	0.897	0.908	0.971	0.957	0.944	0.968	0.913	0.895	0.928	0.928	0.925	0.914	0.906	0.959	0.945	0.967	0.910	0.904	0.984	0.928	0.890	0.899	0.947	0.895	0.921	2.692	0.952	0.906	0.965	0.986	0.942	0.959	1.004	0.918	0.989	1.009	0.960	0.993	1.054	1.018	0.964	1.033	0.981	1.013	1.064	67.288	2.329	112.127	0.942	0.966	0.951	0.949	0.908	0.951	0.947	0.978	0.913	0.922	0.941	0.931	0.958
5726	5.64587	0.919	0.952	0.915	0.937	0.891	0.908	0.899	0.938	0.952	0.962	0.990	0.909	0.921	0.989	0.920	1.018	1.019	1.029	1.028	1.018	384.180	0.993	0.949	0.993	0.975	1.009	0.994	1.031	1.021	0.989	1.089	1.166	1.187	1.060	1.001	0.942	0.937	0.910	0.907	0.958	0.938	1.019	0.950	0.934	0.898	0.944	0.967	0.899	0.935	0.951	0.951	1.000	204.493	41.122	227.728	0.965	0.918	0.929	0.932	0.934	0.925	0.947	0.941	0.968	1.002	5.133	0.972	0.907
5748	5.6675	0.926	0.930	0.937	0.920	0.968	0.932	0.947	0.930	0.968	0.934	0.967	0.921	0.946	0.963	0.931	0.900	0.966	0.981	0.985	0.930	0.906	0.930	0.982	0.952	0.921	1.640	0.920	0.886	0.969	0.901	0.926	0.933	0.947	0.940	0.959	0.962	0.991	0.968	0.973	0.996	0.963	0.945	0.933	0.941	0.893	0.873	0.929	0.906	0.976	0.920	0.956	0.974	123.547	0.926	0.904	0.927	0.883	0.933	1.010	0.975	1.024	1.002	0.992	0.956	0.945	0.942	0.971	0.925
5770	5.68935	1.004	0.976	0.940	0.956	0.927	0.937	0.731	0.921	1.001	1.032	0.938	0.933	0.960	0.955	0.939	0.933	0.904	0.953	0.913	231.536	0.919	0.928	0.946	0.923	0.928	0.935	0.919	0.950	0.945	0.907	0.943	0.915	0.909	0.878	0.909	0.920	0.940	0.912	0.909	0.939	0.931	0.914	0.990	0.927	0.908	0.950	0.955	0.942	0.954	0.904	0.985	0.986	376.239	0.933	0.901	0.911	0.946	0.932	0.965	0.964	0.910	0.948	0.932	0.937	13.589	0.978	0.963	0.936
5792	5.71097	0.951	0.953	2.384	0.993	0.955	0.883	0.945	0.929	0.905	0.877	0.911	0.938	0.921	0.911	0.931	0.905	0.918	0.902	0.925	1.545	0.924	0.906	0.948	1.011	1.020	0.957	0.941	0.943	0.899	0.881	0.925	0.956	0.980	0.976	0.914	0.909	0.990	1.001	1.047	0.990	1.002	0.932	0.953	0.978	0.999	1.043	0.978	0.900	1.114	1.054	1.017	0.982	156.881	87.998	0.974	0.947	0.945	1.022	0.645	11.872	0.916	0.938	0.911	0.925	0.930	0.925	0.937	0.968
5814	5.73282	0.910	0.905	0.922	2.425	0.881	0.886	0.936	0.964	0.925	0.972	0.976	0.947	0.940	0.962	0.890	0.946	0.948	0.957	0.924	353.219	0.960	0.978	0.919	0.921	1.015	0.978	0.984	0.936	8.962	0.890	0.932	0.924	4.612	0.922	0.905	0.927	0.961	0.918	0.926	0.994	0.960	1.037	0.978	0.913	0.919	0.980	0.906	0.933	0.927	0.948	0.992	1.012	148.610	0.903	4.805	0.905	0.960	0.946	4.510	0.924	0.915	0.924	0.933	0.946	0.943	0.894	0.909	0.932
5836	5.75445	2.415	0.912	0.927	1.279	0.932	0.920	0.993	0.905	0.933	0.882	0.923	0.961	0.950	0.956	1.739	0.915	0.924	5.352	0.945	105.775	0.927	0.912	0.956	0.938	0.911	0.927	0.857	0.917	0.913	0.895	0.928	0.982	0.971	0.939	0.942	0.923	0.965	0.928	0.914	0.893	0.921	0.902	0.926	0.941	0.928	0.906	0.942	0.915	0.953	0.949	0.949	0.982	26.273	0.959	0.919	0.963	0.943	0.927	0.962	0.929	0.996	0.916	0.903	0.892	0.959	0.959	0.895	0.913
5858	5.7763	0.928	0.948	0.907	0.910	0.947	0.897	0.924	0.912	0.919	0.915	0.983	0.927	0.931	0.917	0.941	0.932	0.915	0.928	0.902	137.437	0.961	1.001	0.959	0.974	0.961	1.004	0.998	0.942	344.497	0.962	0.888	0.921	0.929	0.947	0.971	0.912	0.975	0.960	0.911	0.979	0.947	0.938	1.021	0.975	0.950	0.957	0.962	0.961	1.279	1.031	1.050	1.003	272.792	0.965	0.939	2.098	0.912	0.972	0.926	0.947	1.062	1.000	0.971	0.967	0.915	0.929	1.002	0.968
5880	5.79797	5.473	0.999	1.150	1.074	1.134	1.031	1.049	1.016	0.998	1.110	0.995	0.960	0.946	1.069	1.032	1.033	1.025	1.039	1.035	0.950	1.000	1.061	1.048	1.091	1.174	0.969	1.002	0.930	0.947	0.921	0.923	0.893	0.950	0.871	0.944	0.928	1.013	0.937	0.944	0.983	0.936	0.950	0.974	0.953	0.959	0.954	0.993	0.951	0.952	0.921	0.996	1.035	165.431	0.854	0.925	0.923	0.920	0.881	0.921	0.968	0.921	0.928	0.940	0.943	3.078	0.954	0.925	0.943
5902	5.8196	0.962	0.968	0.899	0.947	0.924	0.920	0.897	0.918	0.937	0.912	0.955	0.946	0.925	0.929	0.892	0.914	0.929	0.955	0.905	1.043	0.975	0.914	0.911	0.945	0.909	0.925	0.907	0.927	0.895	0.879	0.908	0.933	0.913	0.934	0.944	0.915	0.930	0.936	0.926	0.953	0.915	0.988	0.946	0.880	0.960	1.020	0.924	0.960	0.958	0.891	0.974	0.980	68.992	0.937	0.941	0.896	0.957	0.980	0.976	1.005	0.991	0.954	0.909	0.895	6.737	0.954	0.923	0.910
5924	5.84122	0.918	0.924	0.944	0.926	0.966	0.926	0.910	0.907	0.937	0.956	5.785	0.902	0.980	0.938	0.995	8.145	0.902	0.877	0.922	0.933	0.938	0.942	0.916	0.876	0.907	0.931	0.902	0.888	4.664	0.947	0.920	0.956	0.930	0.904	0.924	4.909	0.962	0.949	0.924	0.991	0.941	0.882	0.939	0.914	0.945	0.955	0.958	0.886	0.957	0.943	0.995	1.002	244.079	0.916	2.779	0.944	0.919	0.884	0.929	0.919	0.919	0.930	0.959	0.943	0.908	1.458	0.930	0.917
5946	5.86283	0.944	0.924	0.924	0.881	0.909	0.901	0.888	0.922	0.910	0.968	0.926	0.922	0.925	0.932	0.992	0.967	1.027	0.982	0.929	0.933	0.872	0.933	0.940	0.953	0.931	0.885	0.887	0.904	20.889	0.939	0.905	0.868	0.926	0.911	0.950	0.948	0.936	0.929	0.920	0.952	0.967	0.939	0.953	0.920	0.909	0.940	0.891	0.917	0.932	0.935	0.941	0.963	411.466	0.911	0.923	0.919	0.921	0.891	6.527	0.955	0.937	0.974	0.891	0.923	0.913	0.957	0.963	0.935
5968	5.88447	0.979	0.932	0.926	0.914	0.899	0.929	0.915	0.910	0.934	0.958	0.993	0.986	0.930	1.055	0.946	0.946	0.906	0.961	0.984	0.990	4.267	0.996	1.006	0.986	0.947	0.965	0.982	0.922	0.959	0.942	0.929	0.938	0.888	0.939	0.900	0.908	0.946	0.931	0.898	0.971	0.928	0.896	0.957	0.870	0.905	0.936	0.956	0.958	1.010	0.907	0.954	1.069	159.466	0.941	99.922	1.001	2.116	0.932	0.949	0.970	0.990	0.927	0.937	0.930	0.893	0.900	0.960	0.918
5990	5.90608	0.942	0.945	0.924	0.903	0.934	0.941	0.920	0.929	0.940	0.927	0.940	0.944	0.896	0.917	0.916	0.921	0.941	0.926	0.900	0.933	0.895	0.909	0.903	0.932	0.944	0.911	0.945	0.911	0.910	0.933	0.908	0.947	0.883	0.916	0	0	0	0	0	0	0	0	0	0	0	0	0	0	0	0	0	0	0	0	0	0	0	0	0	0	0	0	0	0	0	0	0	0
